0.000000 	 0.000000
0.001000 	 0.004489
0.002000 	 0.013566
0.003000 	 0.024134
0.004000 	 0.034919
0.005000 	 0.045342
0.006000 	 0.055092
0.007000 	 0.063972
0.008000 	 0.071830
0.009000 	 0.078546
0.010000 	 0.084022
0.011000 	 0.088178
0.012000 	 0.090956
0.013000 	 0.092316
0.014000 	 0.092240
0.015000 	 0.090731
0.016000 	 0.087810
0.017000 	 0.083521
0.018000 	 0.077926
0.019000 	 0.071108
0.020000 	 0.063165
0.021000 	 0.054213
0.022000 	 0.044381
0.023000 	 0.033812
0.024000 	 0.022658
0.025000 	 0.011082
0.026000 	 -0.000750
0.027000 	 -0.012666
0.028000 	 -0.024494
0.029000 	 -0.036063
0.030000 	 -0.047205
0.031000 	 -0.057760
0.032000 	 -0.067574
0.033000 	 -0.076506
0.034000 	 -0.084426
0.035000 	 -0.091219
0.036000 	 -0.096787
0.037000 	 -0.101049
0.038000 	 -0.103943
0.039000 	 -0.105426
0.040000 	 -0.105475
0.041000 	 -0.104091
0.042000 	 -0.101291
0.043000 	 -0.097115
0.044000 	 -0.091622
0.045000 	 -0.084890
0.046000 	 -0.077017
0.047000 	 -0.068113
0.048000 	 -0.058306
0.049000 	 -0.047737
0.050000 	 -0.036556
0.051000 	 -0.024925
0.052000 	 -0.013008
0.053000 	 -0.000978
0.054000 	 0.010994
0.055000 	 0.022737
0.056000 	 0.034081
0.057000 	 0.044865
0.058000 	 0.054934
0.059000 	 0.064145
0.060000 	 0.072365
0.061000 	 0.079476
0.062000 	 0.085378
0.063000 	 0.089985
0.064000 	 0.093234
0.065000 	 0.095076
0.066000 	 0.095487
0.067000 	 0.094461
0.068000 	 0.092013
0.069000 	 0.088180
0.070000 	 0.083018
0.071000 	 0.076600
0.072000 	 0.069020
0.073000 	 0.060388
0.074000 	 0.050828
0.075000 	 0.040479
0.076000 	 0.029489
0.077000 	 0.018018
0.078000 	 0.006231
0.079000 	 -0.005701
0.080000 	 -0.017608
0.081000 	 -0.029316
0.082000 	 -0.040657
0.083000 	 -0.051467
0.084000 	 -0.061591
0.085000 	 -0.070881
0.086000 	 -0.079205
0.087000 	 -0.086441
0.088000 	 -0.092485
0.089000 	 -0.097250
0.090000 	 -0.100666
0.091000 	 -0.102684
0.092000 	 -0.103275
0.093000 	 -0.102429
0.094000 	 -0.100158
0.095000 	 -0.096495
0.096000 	 -0.091491
0.097000 	 -0.085217
0.098000 	 -0.077765
0.099000 	 -0.069240
0.100000 	 -0.059765
0.101000 	 -0.049475
0.102000 	 -0.038518
0.103000 	 -0.027051
0.104000 	 -0.015239
0.105000 	 -0.003250
0.106000 	 0.008742
0.107000 	 0.020566
0.108000 	 0.032052
0.109000 	 0.043036
0.110000 	 0.053360
0.111000 	 0.062876
0.112000 	 0.071447
0.113000 	 0.078950
0.114000 	 0.085279
0.115000 	 0.090342
0.116000 	 0.094067
0.117000 	 0.096401
0.118000 	 0.097310
0.119000 	 0.096783
0.120000 	 0.094826
0.121000 	 0.091468
0.122000 	 0.086759
0.123000 	 0.080765
0.124000 	 0.073575
0.125000 	 0.065291
0.126000 	 0.056033
0.127000 	 0.045934
0.128000 	 0.035140
0.129000 	 0.023807
0.130000 	 0.012099
0.131000 	 0.000182
0.132000 	 -0.011769
0.133000 	 -0.023584
0.134000 	 -0.035092
0.135000 	 -0.046127
0.136000 	 -0.056531
0.137000 	 -0.066152
0.138000 	 -0.074853
0.139000 	 -0.082508
0.140000 	 -0.089007
0.141000 	 -0.094256
0.142000 	 -0.098179
0.143000 	 -0.100719
0.144000 	 -0.101839
0.145000 	 -0.101524
0.146000 	 -0.099777
0.147000 	 -0.096624
0.148000 	 -0.092108
0.149000 	 -0.086296
0.150000 	 -0.079270
0.151000 	 -0.071130
0.152000 	 -0.061995
0.153000 	 -0.051995
0.154000 	 -0.041273
0.155000 	 -0.029984
0.156000 	 -0.018289
0.157000 	 -0.006357
0.158000 	 0.005642
0.159000 	 0.017534
0.160000 	 0.029149
0.161000 	 0.040321
0.162000 	 0.050888
0.163000 	 0.060699
0.164000 	 0.069614
0.165000 	 0.077503
0.166000 	 0.084255
0.167000 	 0.089771
0.168000 	 0.093974
0.169000 	 0.096802
0.170000 	 0.098216
0.171000 	 0.098195
0.172000 	 0.096740
0.173000 	 0.093871
0.174000 	 0.089631
0.175000 	 0.084080
0.176000 	 0.077299
0.177000 	 0.069386
0.178000 	 0.060453
0.179000 	 0.050631
0.180000 	 0.040060
0.181000 	 0.028893
0.182000 	 0.017291
0.183000 	 0.005420
0.184000 	 -0.006548
0.185000 	 -0.018441
0.186000 	 -0.030088
0.187000 	 -0.041321
0.188000 	 -0.051979
0.189000 	 -0.061907
0.190000 	 -0.070964
0.191000 	 -0.079018
0.192000 	 -0.085953
0.193000 	 -0.091670
0.194000 	 -0.096086
0.195000 	 -0.099137
0.196000 	 -0.100780
0.197000 	 -0.100990
0.198000 	 -0.099765
0.199000 	 -0.097121
0.200000 	 -0.093098
0.201000 	 -0.087751
0.202000 	 -0.081159
0.203000 	 -0.073416
0.204000 	 -0.064632
0.205000 	 -0.054935
0.206000 	 -0.044463
0.207000 	 -0.033367
0.208000 	 -0.021806
0.209000 	 -0.009947
0.210000 	 0.002040
0.211000 	 0.013983
0.212000 	 0.025710
0.213000 	 0.037053
0.214000 	 0.047849
0.215000 	 0.057942
0.216000 	 0.067188
0.217000 	 0.075454
0.218000 	 0.082620
0.219000 	 0.088585
0.220000 	 0.093262
0.221000 	 0.096584
0.222000 	 0.098504
0.223000 	 0.098993
0.224000 	 0.098047
0.225000 	 0.095677
0.226000 	 0.091918
0.227000 	 0.086825
0.228000 	 0.080470
0.229000 	 0.072946
0.230000 	 0.064360
0.231000 	 0.054836
0.232000 	 0.044512
0.233000 	 0.033536
0.234000 	 0.022066
0.235000 	 0.010266
0.236000 	 -0.001692
0.237000 	 -0.013638
0.238000 	 -0.025398
0.239000 	 -0.036805
0.240000 	 -0.047693
0.241000 	 -0.057906
0.242000 	 -0.067297
0.243000 	 -0.075731
0.244000 	 -0.083087
0.245000 	 -0.089258
0.246000 	 -0.094155
0.247000 	 -0.097709
0.248000 	 -0.099867
0.249000 	 -0.100599
0.250000 	 -0.099895
0.251000 	 -0.097763
