0.000000 	 0.000000
0.001000 	 0.003742
0.002000 	 0.011326
0.003000 	 0.020202
0.004000 	 0.029346
0.005000 	 0.038314
0.006000 	 0.046882
0.007000 	 0.054916
0.008000 	 0.062317
0.009000 	 0.069005
0.010000 	 0.074911
0.011000 	 0.079975
0.012000 	 0.084149
0.013000 	 0.087391
0.014000 	 0.089670
0.015000 	 0.090963
0.016000 	 0.091258
0.017000 	 0.090554
0.018000 	 0.088859
0.019000 	 0.086190
0.020000 	 0.082575
0.021000 	 0.078050
0.022000 	 0.072662
0.023000 	 0.066466
0.024000 	 0.059524
0.025000 	 0.051907
0.026000 	 0.043690
0.027000 	 0.034958
0.028000 	 0.025799
0.029000 	 0.016303
0.030000 	 0.006569
0.031000 	 -0.003308
0.032000 	 -0.013227
0.033000 	 -0.023088
0.034000 	 -0.032793
0.035000 	 -0.042242
0.036000 	 -0.051343
0.037000 	 -0.060001
0.038000 	 -0.068131
0.039000 	 -0.075651
0.040000 	 -0.082484
0.041000 	 -0.088562
0.042000 	 -0.093823
0.043000 	 -0.098213
0.044000 	 -0.101690
0.045000 	 -0.104216
0.046000 	 -0.105766
0.047000 	 -0.106325
0.048000 	 -0.105885
0.049000 	 -0.104450
0.050000 	 -0.102035
0.051000 	 -0.098662
0.052000 	 -0.094365
0.053000 	 -0.089187
0.054000 	 -0.083177
0.055000 	 -0.076396
0.056000 	 -0.068911
0.057000 	 -0.060795
0.058000 	 -0.052130
0.059000 	 -0.043002
0.060000 	 -0.033501
0.061000 	 -0.023721
0.062000 	 -0.013760
0.063000 	 -0.003716
0.064000 	 0.006310
0.065000 	 0.016219
0.066000 	 0.025913
0.067000 	 0.035295
0.068000 	 0.044272
0.069000 	 0.052754
0.070000 	 0.060659
0.071000 	 0.067906
0.072000 	 0.074425
0.073000 	 0.080150
0.074000 	 0.085025
0.075000 	 0.089002
0.076000 	 0.092041
0.077000 	 0.094113
0.078000 	 0.095197
0.079000 	 0.095283
0.080000 	 0.094371
0.081000 	 0.092470
0.082000 	 0.089599
0.083000 	 0.085788
0.084000 	 0.081076
0.085000 	 0.075509
0.086000 	 0.069144
0.087000 	 0.062046
0.088000 	 0.054284
0.089000 	 0.045938
0.090000 	 0.037091
0.091000 	 0.027831
0.092000 	 0.018253
0.093000 	 0.008451
0.094000 	 -0.001475
0.095000 	 -0.011426
0.096000 	 -0.021303
0.097000 	 -0.031006
0.098000 	 -0.040438
0.099000 	 -0.049504
0.100000 	 -0.058113
0.101000 	 -0.066179
0.102000 	 -0.073621
0.103000 	 -0.080364
0.104000 	 -0.086341
0.105000 	 -0.091491
0.106000 	 -0.095762
0.107000 	 -0.099112
0.108000 	 -0.101507
0.109000 	 -0.102922
0.110000 	 -0.103342
0.111000 	 -0.102765
0.112000 	 -0.101194
0.113000 	 -0.098645
0.114000 	 -0.095143
0.115000 	 -0.090723
0.116000 	 -0.085430
0.117000 	 -0.079314
0.118000 	 -0.072438
0.119000 	 -0.064869
0.120000 	 -0.056682
0.121000 	 -0.047961
0.122000 	 -0.038790
0.123000 	 -0.029262
0.124000 	 -0.019471
0.125000 	 -0.009515
0.126000 	 0.000507
0.127000 	 0.010495
0.128000 	 0.020350
0.129000 	 0.029973
0.130000 	 0.039268
0.131000 	 0.048144
0.132000 	 0.056511
0.133000 	 0.064286
0.134000 	 0.071392
0.135000 	 0.077758
0.136000 	 0.083321
0.137000 	 0.088025
0.138000 	 0.091824
0.139000 	 0.094680
0.140000 	 0.096564
0.141000 	 0.097459
0.142000 	 0.097355
0.143000 	 0.096254
0.144000 	 0.094167
0.145000 	 0.091114
0.146000 	 0.087128
0.147000 	 0.082248
0.148000 	 0.076522
0.149000 	 0.070009
0.150000 	 0.062773
0.151000 	 0.054888
0.152000 	 0.046431
0.153000 	 0.037489
0.154000 	 0.028150
0.155000 	 0.018508
0.156000 	 0.008659
0.157000 	 -0.001297
0.158000 	 -0.011261
0.159000 	 -0.021134
0.160000 	 -0.030816
0.161000 	 -0.040211
0.162000 	 -0.049224
0.163000 	 -0.057766
0.164000 	 -0.065750
0.165000 	 -0.073097
0.166000 	 -0.079733
0.167000 	 -0.085591
0.168000 	 -0.090614
0.169000 	 -0.094750
0.170000 	 -0.097958
0.171000 	 -0.100205
0.172000 	 -0.101470
0.173000 	 -0.101739
0.174000 	 -0.101009
0.175000 	 -0.099288
0.176000 	 -0.096593
0.177000 	 -0.092950
0.178000 	 -0.088395
0.179000 	 -0.082974
0.180000 	 -0.076741
0.181000 	 -0.069758
0.182000 	 -0.062094
0.183000 	 -0.053826
0.184000 	 -0.045037
0.185000 	 -0.035814
0.186000 	 -0.026249
0.187000 	 -0.016437
0.188000 	 -0.006477
0.189000 	 0.003532
0.190000 	 0.013491
0.191000 	 0.023301
0.192000 	 0.032862
0.193000 	 0.042080
0.194000 	 0.050863
0.195000 	 0.059124
0.196000 	 0.066779
0.197000 	 0.073753
0.198000 	 0.079975
0.199000 	 0.085385
0.200000 	 0.089928
0.201000 	 0.093559
0.202000 	 0.096241
0.203000 	 0.097948
0.204000 	 0.098664
0.205000 	 0.098380
0.206000 	 0.097101
0.207000 	 0.094838
0.208000 	 0.091615
0.209000 	 0.087464
0.210000 	 0.082427
0.211000 	 0.076554
0.212000 	 0.069903
0.213000 	 0.062543
0.214000 	 0.054545
0.215000 	 0.045990
0.216000 	 0.036964
0.217000 	 0.027558
0.218000 	 0.017864
0.219000 	 0.007980
0.220000 	 -0.001994
0.221000 	 -0.011960
0.222000 	 -0.021817
0.223000 	 -0.031468
0.224000 	 -0.040814
0.225000 	 -0.049764
0.226000 	 -0.058227
0.227000 	 -0.066119
0.228000 	 -0.073360
0.229000 	 -0.079879
0.230000 	 -0.085610
0.231000 	 -0.090495
0.232000 	 -0.094487
0.233000 	 -0.097544
0.234000 	 -0.099636
0.235000 	 -0.100743
0.236000 	 -0.100852
0.237000 	 -0.099963
0.238000 	 -0.098085
0.239000 	 -0.095237
0.240000 	 -0.091445
0.241000 	 -0.086750
0.242000 	 -0.081196
0.243000 	 -0.074840
0.244000 	 -0.067745
0.245000 	 -0.059982
0.246000 	 -0.051629
0.247000 	 -0.042768
0.248000 	 -0.033488
0.249000 	 -0.023882
0.250000 	 -0.014046
0.251000 	 -0.004078
