0 	 857.686848 
1 	 718.291684 
2 	 634.824918 
3 	 577.320281 
4 	 534.653911 
5 	 501.393090 
6 	 474.505375 
7 	 452.165914 
8 	 433.203901 
9 	 416.832224 
10 	 402.499549 
11 	 389.807047 
12 	 378.457935 
13 	 368.226194 
14 	 358.936143 
15 	 350.448854 
16 	 342.652764 
17 	 335.457090 
18 	 328.787069 
19 	 322.580485 
20 	 316.785065 
21 	 311.356518 
22 	 306.257020 
23 	 301.454044 
24 	 296.919437 
25 	 292.628686 
26 	 288.560332 
27 	 284.695494 
28 	 281.017482 
29 	 277.511479 
30 	 274.164277 
31 	 270.964056 
32 	 267.900205 
33 	 264.963164 
34 	 262.144291 
35 	 259.435756 
36 	 256.830441 
37 	 254.321859 
38 	 251.904086 
39 	 249.571696 
40 	 247.319710 
41 	 245.143549 
42 	 243.038994 
43 	 241.002149 
44 	 239.029411 
45 	 237.117441 
46 	 235.263142 
47 	 233.463632 
48 	 231.716231 
49 	 230.018438 
50 	 228.367919 
51 	 226.762493 
52 	 225.200116 
53 	 223.678873 
54 	 222.196970 
55 	 220.752716 
56 	 219.344526 
57 	 217.970904 
58 	 216.630442 
59 	 215.321812 
60 	 214.043759 
61 	 212.795096 
62 	 211.574702 
63 	 210.381515 
64 	 209.214529 
65 	 208.072788 
66 	 206.955387 
67 	 205.861465 
68 	 204.790205 
69 	 203.740828 
70 	 202.712594 
71 	 201.704797 
72 	 200.716766 
73 	 199.747860 
74 	 198.797465 
75 	 197.864999 
76 	 196.949903 
77 	 196.051643 
78 	 195.169709 
79 	 194.303612 
80 	 193.452885 
81 	 192.617080 
82 	 191.795767 
83 	 190.988535 
84 	 190.194987 
85 	 189.414746 
86 	 188.647446 
87 	 187.892738 
88 	 187.150285 
89 	 186.419765 
90 	 185.700865 
91 	 184.993286 
92 	 184.296741 
93 	 183.610951 
94 	 182.935649 
95 	 182.270578 
96 	 181.615487 
97 	 180.970139 
98 	 180.334300 
99 	 179.707749 
100 	 179.090268 
101 	 178.481650 
102 	 177.881693 
103 	 177.290203 
104 	 176.706992 
105 	 176.131877 
106 	 175.564682 
107 	 175.005237 
108 	 174.453376 
109 	 173.908941 
110 	 173.371776 
111 	 172.841730 
112 	 172.318660 
113 	 171.802423 
114 	 171.292883 
115 	 170.789908 
116 	 170.293367 
117 	 169.803138 
118 	 169.319098 
119 	 168.841129 
120 	 168.369117 
121 	 167.902951 
122 	 167.442523 
123 	 166.987727 
124 	 166.538461 
125 	 166.094627 
126 	 165.656127 
127 	 165.222867 
128 	 164.794756 
129 	 164.371704 
130 	 163.953625 
131 	 163.540434 
132 	 163.132049 
133 	 162.728389 
134 	 162.329376 
135 	 161.934934 
136 	 161.544988 
137 	 161.159466 
138 	 160.778297 
139 	 160.401411 
140 	 160.028742 
141 	 159.660224 
142 	 159.295791 
143 	 158.935383 
144 	 158.578936 
145 	 158.226392 
146 	 157.877691 
147 	 157.532777 
148 	 157.191593 
149 	 156.854085 
150 	 156.520200 
151 	 156.189885 
152 	 155.863088 
153 	 155.539761 
154 	 155.219853 
155 	 154.903316 
156 	 154.590105 
157 	 154.280172 
158 	 153.973473 
159 	 153.669964 
160 	 153.369601 
161 	 153.072342 
162 	 152.778146 
163 	 152.486971 
164 	 152.198778 
165 	 151.913528 
166 	 151.631182 
167 	 151.351703 
168 	 151.075053 
169 	 150.801197 
170 	 150.530099 
171 	 150.261725 
172 	 149.996038 
173 	 149.733007 
174 	 149.472599 
175 	 149.214779 
176 	 148.959518 
177 	 148.706783 
178 	 148.456544 
179 	 148.208771 
180 	 147.963434 
181 	 147.720503 
182 	 147.479950 
183 	 147.241747 
184 	 147.005866 
185 	 146.772280 
186 	 146.540962 
187 	 146.311885 
188 	 146.085024 
189 	 145.860353 
190 	 145.637847 
191 	 145.417481 
192 	 145.199231 
193 	 144.983073 
194 	 144.768983 
195 	 144.556939 
196 	 144.346916 
197 	 144.138893 
198 	 143.932848 
199 	 143.728758 
200 	 143.526603 
201 	 143.326360 
202 	 143.128009 
203 	 142.931530 
204 	 142.736902 
205 	 142.544105 
206 	 142.353119 
207 	 142.163925 
208 	 141.976504 
209 	 141.790837 
210 	 141.606905 
211 	 141.424691 
212 	 141.244174 
213 	 141.065339 
214 	 140.888167 
215 	 140.712641 
216 	 140.538744 
217 	 140.366459 
218 	 140.195769 
219 	 140.026657 
220 	 139.859108 
221 	 139.693105 
222 	 139.528632 
223 	 139.365674 
224 	 139.204216 
225 	 139.044242 
226 	 138.885737 
227 	 138.728686 
228 	 138.573075 
229 	 138.418889 
230 	 138.266114 
231 	 138.114735 
232 	 137.964739 
233 	 137.816112 
234 	 137.668841 
235 	 137.522911 
236 	 137.378310 
237 	 137.235024 
238 	 137.093040 
239 	 136.952347 
240 	 136.812930 
241 	 136.674778 
242 	 136.537877 
243 	 136.402217 
244 	 136.267784 
245 	 136.134568 
246 	 136.002555 
247 	 135.871735 
248 	 135.742095 
249 	 135.613625 
250 	 135.486313 
251 	 135.360148 
252 	 135.235119 
253 	 135.111215 
254 	 134.988426 
255 	 134.866740 
256 	 134.746147 
257 	 134.626637 
258 	 134.508200 
259 	 134.390824 
260 	 134.274501 
261 	 134.159220 
262 	 134.044971 
263 	 133.931744 
264 	 133.819531 
265 	 133.708321 
266 	 133.598104 
267 	 133.488873 
268 	 133.380616 
269 	 133.273326 
270 	 133.166993 
271 	 133.061608 
272 	 132.957162 
273 	 132.853647 
274 	 132.751054 
275 	 132.649374 
276 	 132.548598 
277 	 132.448720 
278 	 132.349729 
279 	 132.251618 
280 	 132.154378 
281 	 132.058003 
282 	 131.962483 
283 	 131.867810 
284 	 131.773978 
285 	 131.680978 
286 	 131.588802 
287 	 131.497443 
288 	 131.406894 
289 	 131.317146 
290 	 131.228194 
291 	 131.140028 
292 	 131.052643 
293 	 130.966031 
294 	 130.880184 
295 	 130.795097 
296 	 130.710761 
297 	 130.627171 
298 	 130.544319 
299 	 130.462199 
300 	 130.380804 
301 	 130.300127 
302 	 130.220162 
303 	 130.140902 
304 	 130.062341 
305 	 129.984473 
306 	 129.907292 
307 	 129.830790 
308 	 129.754963 
309 	 129.679803 
310 	 129.605306 
311 	 129.531464 
312 	 129.458272 
313 	 129.385725 
314 	 129.313815 
315 	 129.242539 
316 	 129.171889 
317 	 129.101860 
318 	 129.032447 
319 	 128.963644 
320 	 128.895446 
321 	 128.827847 
322 	 128.760841 
323 	 128.694424 
324 	 128.628591 
325 	 128.563335 
326 	 128.498652 
327 	 128.434537 
328 	 128.370985 
329 	 128.307990 
330 	 128.245547 
331 	 128.183652 
332 	 128.122300 
333 	 128.061486 
334 	 128.001205 
335 	 127.941453 
336 	 127.882224 
337 	 127.823514 
338 	 127.765318 
339 	 127.707632 
340 	 127.650451 
341 	 127.593771 
342 	 127.537588 
343 	 127.481896 
344 	 127.426691 
345 	 127.371970 
346 	 127.317728 
347 	 127.263960 
348 	 127.210663 
349 	 127.157832 
350 	 127.105463 
351 	 127.053552 
352 	 127.002095 
353 	 126.951088 
354 	 126.900527 
355 	 126.850408 
356 	 126.800727 
357 	 126.751480 
358 	 126.702663 
359 	 126.654273 
360 	 126.606306 
361 	 126.558758 
362 	 126.511625 
363 	 126.464904 
364 	 126.418591 
365 	 126.372682 
366 	 126.327174 
367 	 126.282063 
368 	 126.237347 
369 	 126.193020 
370 	 126.149081 
371 	 126.105525 
372 	 126.062349 
373 	 126.019550 
374 	 125.977124 
375 	 125.935069 
376 	 125.893380 
377 	 125.852055 
378 	 125.811090 
379 	 125.770483 
380 	 125.730230 
381 	 125.690328 
382 	 125.650774 
383 	 125.611565 
384 	 125.572697 
385 	 125.534169 
386 	 125.495976 
387 	 125.458116 
388 	 125.420587 
389 	 125.383384 
390 	 125.346505 
391 	 125.309948 
392 	 125.273710 
393 	 125.237787 
394 	 125.202177 
395 	 125.166878 
396 	 125.131886 
397 	 125.097199 
398 	 125.062814 
399 	 125.028728 
400 	 124.994940 
401 	 124.961445 
402 	 124.928243 
403 	 124.895329 
404 	 124.862702 
405 	 124.830359 
406 	 124.798298 
407 	 124.766516 
408 	 124.735011 
409 	 124.703780 
410 	 124.672821 
411 	 124.642131 
412 	 124.611708 
413 	 124.581551 
414 	 124.551655 
415 	 124.522020 
416 	 124.492643 
417 	 124.463522 
418 	 124.434654 
419 	 124.406037 
420 	 124.377669 
421 	 124.349548 
422 	 124.321672 
423 	 124.294038 
424 	 124.266645 
425 	 124.239490 
426 	 124.212571 
427 	 124.185887 
428 	 124.159434 
429 	 124.133212 
430 	 124.107218 
431 	 124.081449 
432 	 124.055905 
433 	 124.030584 
434 	 124.005482 
435 	 123.980599 
436 	 123.955932 
437 	 123.931480 
438 	 123.907240 
439 	 123.883211 
440 	 123.859391 
441 	 123.835778 
442 	 123.812371 
443 	 123.789167 
444 	 123.766165 
445 	 123.743363 
446 	 123.720759 
447 	 123.698351 
448 	 123.676139 
449 	 123.654119 
450 	 123.632291 
451 	 123.610653 
452 	 123.589203 
453 	 123.567939 
454 	 123.546860 
455 	 123.525965 
456 	 123.505251 
457 	 123.484717 
458 	 123.464362 
459 	 123.444183 
460 	 123.424180 
461 	 123.404351 
462 	 123.384694 
463 	 123.365208 
464 	 123.345891 
465 	 123.326743 
466 	 123.307760 
467 	 123.288943 
468 	 123.270289 
469 	 123.251798 
470 	 123.233467 
471 	 123.215295 
472 	 123.197281 
473 	 123.179424 
474 	 123.161722 
475 	 123.144174 
476 	 123.126778 
477 	 123.109534 
478 	 123.092439 
479 	 123.075493 
480 	 123.058694 
481 	 123.042041 
482 	 123.025533 
483 	 123.009168 
484 	 122.992946 
485 	 122.976864 
486 	 122.960923 
487 	 122.945119 
488 	 122.929453 
489 	 122.913923 
490 	 122.898529 
491 	 122.883267 
492 	 122.868139 
493 	 122.853142 
494 	 122.838275 
495 	 122.823537 
496 	 122.808928 
497 	 122.794445 
498 	 122.780088 
499 	 122.765856 
500 	 122.751748 
501 	 122.737762 
502 	 122.723898 
503 	 122.710154 
504 	 122.696530 
505 	 122.683024 
506 	 122.669635 
507 	 122.656363 
508 	 122.643206 
509 	 122.630163 
510 	 122.617233 
511 	 122.604416 
512 	 122.591711 
513 	 122.579115 
514 	 122.566629 
515 	 122.554252 
516 	 122.541982 
517 	 122.529819 
518 	 122.517761 
519 	 122.505808 
520 	 122.493959 
521 	 122.482213 
522 	 122.470569 
523 	 122.459026 
524 	 122.447584 
525 	 122.436241 
526 	 122.424996 
527 	 122.413849 
528 	 122.402799 
529 	 122.391845 
530 	 122.380986 
531 	 122.370222 
532 	 122.359551 
533 	 122.348973 
534 	 122.338486 
535 	 122.328091 
536 	 122.317786 
537 	 122.307571 
538 	 122.297444 
539 	 122.287405 
540 	 122.277454 
541 	 122.267589 
542 	 122.257810 
543 	 122.248116 
544 	 122.238505 
545 	 122.228979 
546 	 122.219535 
547 	 122.210173 
548 	 122.200893 
549 	 122.191693 
550 	 122.182574 
551 	 122.173533 
552 	 122.164571 
553 	 122.155687 
554 	 122.146880 
555 	 122.138150 
556 	 122.129495 
557 	 122.120916 
558 	 122.112411 
559 	 122.103980 
560 	 122.095623 
561 	 122.087338 
562 	 122.079125 
563 	 122.070983 
564 	 122.062912 
565 	 122.054912 
566 	 122.046980 
567 	 122.039118 
568 	 122.031324 
569 	 122.023598 
570 	 122.015939 
571 	 122.008346 
572 	 122.000820 
573 	 121.993359 
574 	 121.985963 
575 	 121.978631 
576 	 121.971362 
577 	 121.964157 
578 	 121.957015 
579 	 121.949935 
580 	 121.942916 
581 	 121.935958 
582 	 121.929061 
583 	 121.922223 
584 	 121.915445 
585 	 121.908726 
586 	 121.902065 
587 	 121.895463 
588 	 121.888917 
589 	 121.882429 
590 	 121.875997 
591 	 121.869621 
592 	 121.863300 
593 	 121.857034 
594 	 121.850823 
595 	 121.844666 
596 	 121.838562 
597 	 121.832511 
598 	 121.826513 
599 	 121.820567 
600 	 121.814673 
601 	 121.808830 
602 	 121.803037 
603 	 121.797295 
604 	 121.791603 
605 	 121.785961 
606 	 121.780368 
607 	 121.774823 
608 	 121.769326 
609 	 121.763877 
610 	 121.758476 
611 	 121.753122 
612 	 121.747814 
613 	 121.742552 
614 	 121.737336 
615 	 121.732165 
616 	 121.727040 
617 	 121.721959 
618 	 121.716922 
619 	 121.711929 
620 	 121.706979 
621 	 121.702073 
622 	 121.697209 
623 	 121.692387 
624 	 121.687607 
625 	 121.682869 
626 	 121.678172 
627 	 121.673516 
628 	 121.668900 
629 	 121.664325 
630 	 121.659789 
631 	 121.655293 
632 	 121.650836 
633 	 121.646418 
634 	 121.642038 
635 	 121.637696 
636 	 121.633392 
637 	 121.629126 
638 	 121.624896 
639 	 121.620704 
640 	 121.616547 
641 	 121.612427 
642 	 121.608343 
643 	 121.604294 
644 	 121.600281 
645 	 121.596303 
646 	 121.592359 
647 	 121.588449 
648 	 121.584574 
649 	 121.580732 
650 	 121.576923 
651 	 121.573148 
652 	 121.569406 
653 	 121.565696 
654 	 121.562018 
655 	 121.558373 
656 	 121.554759 
657 	 121.551176 
658 	 121.547625 
659 	 121.544105 
660 	 121.540615 
661 	 121.537156 
662 	 121.533727 
663 	 121.530328 
664 	 121.526958 
665 	 121.523617 
666 	 121.520306 
667 	 121.517024 
668 	 121.513770 
669 	 121.510544 
670 	 121.507346 
671 	 121.504177 
672 	 121.501035 
673 	 121.497920 
674 	 121.494832 
675 	 121.491771 
676 	 121.488737 
677 	 121.485730 
678 	 121.482748 
679 	 121.479793 
680 	 121.476863 
681 	 121.473959 
682 	 121.471080 
683 	 121.468226 
684 	 121.465397 
685 	 121.462592 
686 	 121.459812 
687 	 121.457056 
688 	 121.454325 
689 	 121.451617 
690 	 121.448932 
691 	 121.446271 
692 	 121.443633 
693 	 121.441018 
694 	 121.438426 
695 	 121.435857 
696 	 121.433309 
697 	 121.430785 
698 	 121.428282 
699 	 121.425800 
700 	 121.423341 
701 	 121.420903 
702 	 121.418486 
703 	 121.416090 
704 	 121.413715 
705 	 121.411361 
706 	 121.409027 
707 	 121.406714 
708 	 121.404420 
709 	 121.402147 
710 	 121.399894 
711 	 121.397660 
712 	 121.395446 
713 	 121.393251 
714 	 121.391075 
715 	 121.388918 
716 	 121.386780 
717 	 121.384660 
718 	 121.382559 
719 	 121.380476 
720 	 121.378412 
721 	 121.376365 
722 	 121.374336 
723 	 121.372325 
724 	 121.370332 
725 	 121.368356 
726 	 121.366397 
727 	 121.364455 
728 	 121.362530 
729 	 121.360622 
730 	 121.358731 
731 	 121.356856 
732 	 121.354997 
733 	 121.353155 
734 	 121.351328 
735 	 121.349518 
736 	 121.347723 
737 	 121.345944 
738 	 121.344181 
739 	 121.342433 
740 	 121.340700 
741 	 121.338982 
742 	 121.337279 
743 	 121.335591 
744 	 121.333918 
745 	 121.332260 
746 	 121.330616 
747 	 121.328986 
748 	 121.327370 
749 	 121.325769 
750 	 121.324181 
751 	 121.322608 
752 	 121.321048 
753 	 121.319502 
754 	 121.317969 
755 	 121.316450 
756 	 121.314943 
757 	 121.313450 
758 	 121.311971 
759 	 121.310504 
760 	 121.309049 
761 	 121.307608 
762 	 121.306179 
763 	 121.304762 
764 	 121.303358 
765 	 121.301966 
766 	 121.300587 
767 	 121.299219 
768 	 121.297863 
769 	 121.296519 
770 	 121.295187 
771 	 121.293867 
772 	 121.292558 
773 	 121.291260 
774 	 121.289974 
775 	 121.288699 
776 	 121.287435 
777 	 121.286182 
778 	 121.284941 
779 	 121.283710 
780 	 121.282489 
781 	 121.281280 
782 	 121.280081 
783 	 121.278892 
784 	 121.277714 
785 	 121.276546 
786 	 121.275388 
787 	 121.274241 
788 	 121.273103 
789 	 121.271976 
790 	 121.270858 
791 	 121.269750 
792 	 121.268652 
793 	 121.267563 
794 	 121.266484 
795 	 121.265414 
796 	 121.264354 
797 	 121.263303 
798 	 121.262261 
799 	 121.261228 
800 	 121.260204 
801 	 121.259189 
802 	 121.258183 
803 	 121.257186 
804 	 121.256198 
805 	 121.255218 
806 	 121.254247 
807 	 121.253284 
808 	 121.252330 
809 	 121.251384 
810 	 121.250446 
811 	 121.249517 
812 	 121.248595 
813 	 121.247682 
814 	 121.246777 
815 	 121.245879 
816 	 121.244990 
817 	 121.244108 
818 	 121.243234 
819 	 121.242368 
820 	 121.241509 
821 	 121.240658 
822 	 121.239814 
823 	 121.238977 
824 	 121.238148 
825 	 121.237326 
826 	 121.236512 
827 	 121.235704 
828 	 121.234904 
829 	 121.234110 
830 	 121.233324 
831 	 121.232544 
832 	 121.231771 
833 	 121.231005 
834 	 121.230246 
835 	 121.229493 
836 	 121.228747 
837 	 121.228007 
838 	 121.227274 
839 	 121.226548 
840 	 121.225827 
841 	 121.225113 
842 	 121.224406 
843 	 121.223704 
844 	 121.223009 
845 	 121.222320 
846 	 121.221636 
847 	 121.220959 
848 	 121.220288 
849 	 121.219622 
850 	 121.218963 
851 	 121.218309 
852 	 121.217661 
853 	 121.217018 
854 	 121.216382 
855 	 121.215750 
856 	 121.215125 
857 	 121.214505 
858 	 121.213890 
859 	 121.213281 
860 	 121.212677 
861 	 121.212078 
862 	 121.211484 
863 	 121.210896 
864 	 121.210313 
865 	 121.209735 
866 	 121.209162 
867 	 121.208594 
868 	 121.208031 
869 	 121.207474 
870 	 121.206920 
871 	 121.206372 
872 	 121.205829 
873 	 121.205290 
874 	 121.204756 
875 	 121.204227 
876 	 121.203703 
877 	 121.203183 
878 	 121.202667 
879 	 121.202156 
880 	 121.201650 
881 	 121.201148 
882 	 121.200651 
883 	 121.200158 
884 	 121.199669 
885 	 121.199184 
886 	 121.198704 
887 	 121.198228 
888 	 121.197756 
889 	 121.197288 
890 	 121.196825 
891 	 121.196365 
892 	 121.195910 
893 	 121.195458 
894 	 121.195011 
895 	 121.194567 
896 	 121.194127 
897 	 121.193691 
898 	 121.193260 
899 	 121.192831 
900 	 121.192407 
901 	 121.191986 
902 	 121.191569 
903 	 121.191156 
904 	 121.190746 
905 	 121.190340 
906 	 121.189938 
907 	 121.189539 
908 	 121.189143 
909 	 121.188751 
910 	 121.188363 
911 	 121.187977 
912 	 121.187596 
913 	 121.187217 
914 	 121.186842 
915 	 121.186471 
916 	 121.186102 
917 	 121.185737 
918 	 121.185375 
919 	 121.185016 
920 	 121.184660 
921 	 121.184308 
922 	 121.183958 
923 	 121.183612 
924 	 121.183269 
925 	 121.182929 
926 	 121.182591 
927 	 121.182257 
928 	 121.181926 
929 	 121.181597 
930 	 121.181272 
931 	 121.180949 
932 	 121.180629 
933 	 121.180312 
934 	 121.179998 
935 	 121.179686 
936 	 121.179378 
937 	 121.179072 
938 	 121.178769 
939 	 121.178468 
940 	 121.178170 
941 	 121.177875 
942 	 121.177582 
943 	 121.177292 
944 	 121.177004 
945 	 121.176719 
946 	 121.176437 
947 	 121.176157 
948 	 121.175879 
949 	 121.175604 
950 	 121.175331 
951 	 121.175061 
952 	 121.174793 
953 	 121.174528 
954 	 121.174264 
955 	 121.174004 
956 	 121.173745 
957 	 121.173489 
958 	 121.173235 
959 	 121.172983 
960 	 121.172734 
961 	 121.172486 
962 	 121.172241 
963 	 121.171998 
964 	 121.171757 
965 	 121.171519 
966 	 121.171282 
967 	 121.171048 
968 	 121.170815 
969 	 121.170585 
970 	 121.170356 
971 	 121.170130 
972 	 121.169906 
973 	 121.169684 
974 	 121.169463 
975 	 121.169245 
976 	 121.169028 
977 	 121.168814 
978 	 121.168601 
979 	 121.168390 
980 	 121.168181 
981 	 121.167974 
982 	 121.167769 
983 	 121.167566 
984 	 121.167364 
985 	 121.167164 
986 	 121.166966 
987 	 121.166770 
988 	 121.166575 
989 	 121.166383 
990 	 121.166192 
991 	 121.166002 
992 	 121.165814 
993 	 121.165628 
994 	 121.165444 
995 	 121.165261 
996 	 121.165080 
997 	 121.164900 
998 	 121.164722 
999 	 121.164546 
1000 	 121.164371 
1001 	 121.164198 
1002 	 121.164026 
1003 	 121.163856 
1004 	 121.163687 
1005 	 121.163520 
1006 	 121.163354 
1007 	 121.163190 
1008 	 121.163027 
1009 	 121.162866 
1010 	 121.162706 
1011 	 121.162547 
1012 	 121.162390 
1013 	 121.162235 
1014 	 121.162080 
1015 	 121.161927 
1016 	 121.161776 
1017 	 121.161626 
1018 	 121.161477 
1019 	 121.161329 
1020 	 121.161183 
1021 	 121.161038 
1022 	 121.160894 
1023 	 121.160752 
1024 	 121.160611 
1025 	 121.160471 
1026 	 121.160332 
1027 	 121.160195 
1028 	 121.160059 
1029 	 121.159924 
1030 	 121.159790 
1031 	 121.159658 
1032 	 121.159526 
1033 	 121.159396 
1034 	 121.159267 
1035 	 121.159139 
1036 	 121.159012 
1037 	 121.158887 
1038 	 121.158762 
1039 	 121.158639 
1040 	 121.158516 
1041 	 121.158395 
1042 	 121.158275 
1043 	 121.158156 
1044 	 121.158038 
1045 	 121.157921 
1046 	 121.157805 
1047 	 121.157690 
1048 	 121.157577 
1049 	 121.157464 
1050 	 121.157352 
1051 	 121.157241 
1052 	 121.157131 
1053 	 121.157022 
1054 	 121.156915 
1055 	 121.156808 
1056 	 121.156702 
1057 	 121.156597 
1058 	 121.156493 
1059 	 121.156390 
1060 	 121.156287 
1061 	 121.156186 
1062 	 121.156086 
1063 	 121.155986 
1064 	 121.155888 
1065 	 121.155790 
1066 	 121.155693 
1067 	 121.155597 
1068 	 121.155502 
1069 	 121.155408 
1070 	 121.155314 
1071 	 121.155222 
1072 	 121.155130 
1073 	 121.155039 
1074 	 121.154949 
1075 	 121.154860 
1076 	 121.154771 
1077 	 121.154683 
1078 	 121.154596 
1079 	 121.154510 
1080 	 121.154425 
1081 	 121.154340 
1082 	 121.154256 
1083 	 121.154173 
1084 	 121.154091 
1085 	 121.154009 
1086 	 121.153928 
1087 	 121.153848 
1088 	 121.153769 
1089 	 121.153690 
1090 	 121.153612 
1091 	 121.153535 
1092 	 121.153458 
1093 	 121.153382 
1094 	 121.153307 
1095 	 121.153232 
1096 	 121.153159 
1097 	 121.153085 
1098 	 121.153013 
1099 	 121.152941 
1100 	 121.152870 
1101 	 121.152799 
1102 	 121.152729 
1103 	 121.152660 
1104 	 121.152591 
1105 	 121.152523 
1106 	 121.152455 
1107 	 121.152388 
1108 	 121.152322 
1109 	 121.152256 
1110 	 121.152191 
1111 	 121.152127 
1112 	 121.152063 
1113 	 121.151999 
1114 	 121.151937 
1115 	 121.151874 
1116 	 121.151813 
1117 	 121.151752 
1118 	 121.151691 
1119 	 121.151631 
1120 	 121.151572 
1121 	 121.151513 
1122 	 121.151454 
1123 	 121.151396 
1124 	 121.151339 
1125 	 121.151282 
1126 	 121.151226 
1127 	 121.151170 
1128 	 121.151115 
1129 	 121.151060 
1130 	 121.151006 
1131 	 121.150952 
1132 	 121.150899 
1133 	 121.150846 
1134 	 121.150793 
1135 	 121.150742 
1136 	 121.150690 
1137 	 121.150639 
1138 	 121.150589 
1139 	 121.150539 
1140 	 121.150489 
1141 	 121.150440 
1142 	 121.150391 
1143 	 121.150343 
1144 	 121.150295 
1145 	 121.150248 
1146 	 121.150201 
1147 	 121.150155 
1148 	 121.150108 
1149 	 121.150063 
1150 	 121.150018 
1151 	 121.149973 
1152 	 121.149928 
1153 	 121.149884 
1154 	 121.149841 
1155 	 121.149797 
1156 	 121.149755 
1157 	 121.149712 
1158 	 121.149670 
1159 	 121.149628 
1160 	 121.149587 
1161 	 121.149546 
1162 	 121.149506 
1163 	 121.149466 
1164 	 121.149426 
1165 	 121.149386 
1166 	 121.149347 
1167 	 121.149308 
1168 	 121.149270 
1169 	 121.149232 
1170 	 121.149194 
1171 	 121.149157 
1172 	 121.149120 
1173 	 121.149083 
1174 	 121.149047 
1175 	 121.149011 
1176 	 121.148976 
1177 	 121.148940 
1178 	 121.148905 
1179 	 121.148871 
1180 	 121.148836 
1181 	 121.148802 
1182 	 121.148768 
1183 	 121.148735 
1184 	 121.148702 
1185 	 121.148669 
1186 	 121.148636 
1187 	 121.148604 
1188 	 121.148572 
1189 	 121.148541 
1190 	 121.148509 
1191 	 121.148478 
1192 	 121.148448 
1193 	 121.148417 
1194 	 121.148387 
1195 	 121.148357 
1196 	 121.148327 
1197 	 121.148298 
1198 	 121.148269 
1199 	 121.148240 
1200 	 121.148211 
1201 	 121.148183 
1202 	 121.148155 
1203 	 121.148127 
1204 	 121.148100 
1205 	 121.148073 
1206 	 121.148046 
1207 	 121.148019 
1208 	 121.147992 
1209 	 121.147966 
1210 	 121.147940 
1211 	 121.147914 
1212 	 121.147889 
1213 	 121.147863 
1214 	 121.147838 
1215 	 121.147813 
1216 	 121.147789 
1217 	 121.147764 
1218 	 121.147740 
1219 	 121.147716 
1220 	 121.147692 
1221 	 121.147669 
1222 	 121.147646 
1223 	 121.147623 
1224 	 121.147600 
1225 	 121.147577 
1226 	 121.147555 
1227 	 121.147532 
1228 	 121.147510 
1229 	 121.147489 
1230 	 121.147467 
1231 	 121.147446 
1232 	 121.147424 
1233 	 121.147403 
1234 	 121.147383 
1235 	 121.147362 
1236 	 121.147341 
1237 	 121.147321 
1238 	 121.147301 
1239 	 121.147281 
1240 	 121.147262 
1241 	 121.147242 
1242 	 121.147223 
1243 	 121.147204 
1244 	 121.147185 
1245 	 121.147166 
1246 	 121.147147 
1247 	 121.147129 
1248 	 121.147111 
1249 	 121.147093 
1250 	 121.147075 
1251 	 121.147057 
1252 	 121.147039 
1253 	 121.147022 
1254 	 121.147005 
1255 	 121.146988 
1256 	 121.146971 
1257 	 121.146954 
1258 	 121.146937 
1259 	 121.146921 
1260 	 121.146905 
1261 	 121.146888 
1262 	 121.146872 
1263 	 121.146857 
1264 	 121.146841 
1265 	 121.146825 
1266 	 121.146810 
1267 	 121.146795 
1268 	 121.146780 
1269 	 121.146765 
1270 	 121.146750 
1271 	 121.146735 
1272 	 121.146721 
1273 	 121.146706 
1274 	 121.146692 
1275 	 121.146678 
1276 	 121.146664 
1277 	 121.146650 
1278 	 121.146636 
1279 	 121.146623 
1280 	 121.146609 
1281 	 121.146596 
1282 	 121.146583 
1283 	 121.146569 
1284 	 121.146556 
1285 	 121.146544 
1286 	 121.146531 
1287 	 121.146518 
1288 	 121.146506 
1289 	 121.146493 
1290 	 121.146481 
1291 	 121.146469 
1292 	 121.146457 
1293 	 121.146445 
1294 	 121.146433 
1295 	 121.146422 
1296 	 121.146410 
1297 	 121.146399 
1298 	 121.146387 
1299 	 121.146376 
1300 	 121.146365 
1301 	 121.146354 
1302 	 121.146343 
1303 	 121.146332 
1304 	 121.146322 
1305 	 121.146311 
1306 	 121.146300 
1307 	 121.146290 
1308 	 121.146280 
1309 	 121.146270 
1310 	 121.146259 
1311 	 121.146249 
1312 	 121.146240 
1313 	 121.146230 
1314 	 121.146220 
1315 	 121.146210 
1316 	 121.146201 
1317 	 121.146191 
1318 	 121.146182 
1319 	 121.146173 
1320 	 121.146164 
1321 	 121.146155 
1322 	 121.146146 
1323 	 121.146137 
1324 	 121.146128 
1325 	 121.146119 
1326 	 121.146111 
1327 	 121.146102 
1328 	 121.146093 
1329 	 121.146085 
1330 	 121.146077 
1331 	 121.146069 
1332 	 121.146060 
1333 	 121.146052 
1334 	 121.146044 
1335 	 121.146036 
1336 	 121.146029 
1337 	 121.146021 
1338 	 121.146013 
1339 	 121.146006 
1340 	 121.145998 
1341 	 121.145991 
1342 	 121.145983 
1343 	 121.145976 
1344 	 121.145969 
1345 	 121.145961 
1346 	 121.145954 
1347 	 121.145947 
1348 	 121.145940 
1349 	 121.145933 
1350 	 121.145927 
1351 	 121.145920 
1352 	 121.145913 
1353 	 121.145907 
1354 	 121.145900 
1355 	 121.145894 
1356 	 121.145887 
1357 	 121.145881 
1358 	 121.145874 
1359 	 121.145868 
1360 	 121.145862 
1361 	 121.145856 
1362 	 121.145850 
1363 	 121.145844 
1364 	 121.145838 
1365 	 121.145832 
1366 	 121.145826 
1367 	 121.145820 
1368 	 121.145815 
1369 	 121.145809 
1370 	 121.145804 
1371 	 121.145798 
1372 	 121.145793 
1373 	 121.145787 
1374 	 121.145782 
1375 	 121.145776 
1376 	 121.145771 
1377 	 121.145766 
1378 	 121.145761 
1379 	 121.145756 
1380 	 121.145751 
1381 	 121.145746 
1382 	 121.145741 
1383 	 121.145736 
1384 	 121.145731 
1385 	 121.145726 
1386 	 121.145721 
1387 	 121.145717 
1388 	 121.145712 
1389 	 121.145708 
1390 	 121.145703 
1391 	 121.145698 
1392 	 121.145694 
1393 	 121.145690 
1394 	 121.145685 
1395 	 121.145681 
1396 	 121.145677 
1397 	 121.145672 
1398 	 121.145668 
1399 	 121.145664 
1400 	 121.145660 
1401 	 121.145656 
1402 	 121.145652 
1403 	 121.145648 
1404 	 121.145644 
1405 	 121.145640 
1406 	 121.145636 
1407 	 121.145632 
1408 	 121.145628 
1409 	 121.145625 
1410 	 121.145621 
1411 	 121.145617 
1412 	 121.145614 
1413 	 121.145610 
1414 	 121.145607 
1415 	 121.145603 
1416 	 121.145600 
1417 	 121.145596 
1418 	 121.145593 
1419 	 121.145589 
1420 	 121.145586 
1421 	 121.145583 
1422 	 121.145579 
1423 	 121.145576 
1424 	 121.145573 
1425 	 121.145570 
1426 	 121.145567 
1427 	 121.145564 
1428 	 121.145561 
1429 	 121.145558 
1430 	 121.145555 
1431 	 121.145552 
1432 	 121.145549 
1433 	 121.145546 
1434 	 121.145543 
1435 	 121.145540 
1436 	 121.145537 
1437 	 121.145534 
1438 	 121.145532 
1439 	 121.145529 
1440 	 121.145526 
1441 	 121.145524 
1442 	 121.145521 
1443 	 121.145518 
1444 	 121.145516 
1445 	 121.145513 
1446 	 121.145511 
1447 	 121.145508 
1448 	 121.145506 
1449 	 121.145503 
1450 	 121.145501 
1451 	 121.145498 
1452 	 121.145496 
1453 	 121.145494 
1454 	 121.145491 
1455 	 121.145489 
1456 	 121.145487 
1457 	 121.145485 
1458 	 121.145482 
1459 	 121.145480 
1460 	 121.145478 
1461 	 121.145476 
1462 	 121.145474 
1463 	 121.145472 
1464 	 121.145470 
1465 	 121.145468 
1466 	 121.145466 
1467 	 121.145464 
1468 	 121.145462 
1469 	 121.145460 
1470 	 121.145458 
1471 	 121.145456 
1472 	 121.145454 
1473 	 121.145452 
1474 	 121.145450 
1475 	 121.145448 
1476 	 121.145447 
1477 	 121.145445 
1478 	 121.145443 
1479 	 121.145441 
1480 	 121.145440 
1481 	 121.145438 
1482 	 121.145436 
1483 	 121.145435 
1484 	 121.145433 
1485 	 121.145431 
1486 	 121.145430 
1487 	 121.145428 
1488 	 121.145426 
1489 	 121.145425 
1490 	 121.145423 
1491 	 121.145422 
1492 	 121.145420 
1493 	 121.145419 
1494 	 121.145417 
1495 	 121.145416 
1496 	 121.145415 
1497 	 121.145413 
1498 	 121.145412 
1499 	 121.145410 
1500 	 121.145409 
1501 	 121.145408 
1502 	 121.145406 
1503 	 121.145405 
1504 	 121.145404 
1505 	 121.145402 
1506 	 121.145401 
1507 	 121.145400 
1508 	 121.145399 
1509 	 121.145397 
1510 	 121.145396 
