1.000000000000 	 1.000000000000 	 0.001928163132 
1.000000000000 	 2.000000000000 	 0.002641152354 
1.000000000000 	 3.000000000000 	 0.003340406409 
1.000000000000 	 4.000000000000 	 0.004022415495 
1.000000000000 	 5.000000000000 	 0.004683858831 
1.000000000000 	 6.000000000000 	 0.005321635364 
1.000000000000 	 7.000000000000 	 0.005932888886 
1.000000000000 	 8.000000000000 	 0.006515027087 
1.000000000000 	 9.000000000000 	 0.007065734282 
1.000000000000 	 10.000000000000 	 0.007582977775 
1.000000000000 	 11.000000000000 	 0.008065008056 
1.000000000000 	 12.000000000000 	 0.008510353218 
1.000000000000 	 13.000000000000 	 0.008917808188 
1.000000000000 	 14.000000000000 	 0.009286419504 
1.000000000000 	 15.000000000000 	 0.009615466510 
1.000000000000 	 16.000000000000 	 0.009904439931 
1.000000000000 	 17.000000000000 	 0.010153018823 
1.000000000000 	 18.000000000000 	 0.010361046902 
1.000000000000 	 19.000000000000 	 0.010528509247 
1.000000000000 	 20.000000000000 	 0.010655510253 
1.000000000000 	 21.000000000000 	 0.010742253659 
1.000000000000 	 22.000000000000 	 0.010789025299 
1.000000000000 	 23.000000000000 	 0.010796179104 
1.000000000000 	 24.000000000000 	 0.010764126691 
1.000000000000 	 25.000000000000 	 0.010693330719 
1.000000000000 	 26.000000000000 	 0.010584301993 
1.000000000000 	 27.000000000000 	 0.010437600154 
1.000000000000 	 28.000000000000 	 0.010253837621 
1.000000000000 	 29.000000000000 	 0.010033686310 
1.000000000000 	 30.000000000000 	 0.009777886557 
1.000000000000 	 31.000000000000 	 0.009487257588 
1.000000000000 	 32.000000000000 	 0.009162708792 
1.000000000000 	 33.000000000000 	 0.008805251090 
1.000000000000 	 34.000000000000 	 0.008416007630 
1.000000000000 	 35.000000000000 	 0.007996223149 
1.000000000000 	 36.000000000000 	 0.007547271351 
1.000000000000 	 37.000000000000 	 0.007070659795 
1.000000000000 	 38.000000000000 	 0.006568031851 
1.000000000000 	 39.000000000000 	 0.006041165471 

2.000000000000 	 1.000000000000 	 0.003836574303 
2.000000000000 	 2.000000000000 	 0.005255248918 
2.000000000000 	 3.000000000000 	 0.006646593873 
2.000000000000 	 4.000000000000 	 0.008003625511 
2.000000000000 	 5.000000000000 	 0.009319736285 
2.000000000000 	 6.000000000000 	 0.010588755851 
2.000000000000 	 7.000000000000 	 0.011805001053 
2.000000000000 	 8.000000000000 	 0.012963313827 
2.000000000000 	 9.000000000000 	 0.014059086525 
2.000000000000 	 10.000000000000 	 0.015088274583 
2.000000000000 	 11.000000000000 	 0.016047396907 
2.000000000000 	 12.000000000000 	 0.016933524771 
2.000000000000 	 13.000000000000 	 0.017744260379 
2.000000000000 	 14.000000000000 	 0.018477706583 
2.000000000000 	 15.000000000000 	 0.019132429462 
2.000000000000 	 16.000000000000 	 0.019707415694 
2.000000000000 	 17.000000000000 	 0.020202026683 
2.000000000000 	 18.000000000000 	 0.020615951475 
2.000000000000 	 19.000000000000 	 0.020949160385 
2.000000000000 	 20.000000000000 	 0.021201861143 
2.000000000000 	 21.000000000000 	 0.021374459142 
2.000000000000 	 22.000000000000 	 0.021467523128 
2.000000000000 	 23.000000000000 	 0.021481757337 
2.000000000000 	 24.000000000000 	 0.021417980790 
2.000000000000 	 25.000000000000 	 0.021277114062 
2.000000000000 	 26.000000000000 	 0.021060173530 
2.000000000000 	 27.000000000000 	 0.020768272742 
2.000000000000 	 28.000000000000 	 0.020402630256 
2.000000000000 	 29.000000000000 	 0.019964583014 
2.000000000000 	 30.000000000000 	 0.019455604103 
2.000000000000 	 31.000000000000 	 0.018877323571 
2.000000000000 	 32.000000000000 	 0.018231550881 
2.000000000000 	 33.000000000000 	 0.017520297507 
2.000000000000 	 34.000000000000 	 0.016745798239 
2.000000000000 	 35.000000000000 	 0.015910529791 
2.000000000000 	 36.000000000000 	 0.015017225499 
2.000000000000 	 37.000000000000 	 0.014068885028 
2.000000000000 	 38.000000000000 	 0.013068778286 
2.000000000000 	 39.000000000000 	 0.012020442962 

3.000000000000 	 1.000000000000 	 0.005705956060 
3.000000000000 	 2.000000000000 	 0.007815883869 
3.000000000000 	 3.000000000000 	 0.009885165495 
3.000000000000 	 4.000000000000 	 0.011903414459 
3.000000000000 	 5.000000000000 	 0.013860803656 
3.000000000000 	 6.000000000000 	 0.015748156218 
3.000000000000 	 7.000000000000 	 0.017557019853 
3.000000000000 	 8.000000000000 	 0.019279723215 
3.000000000000 	 9.000000000000 	 0.020909413574 
3.000000000000 	 10.000000000000 	 0.022440075649 
3.000000000000 	 11.000000000000 	 0.023866532188 
3.000000000000 	 12.000000000000 	 0.025184427450 
3.000000000000 	 13.000000000000 	 0.026390195327 
3.000000000000 	 14.000000000000 	 0.027481014297 
3.000000000000 	 15.000000000000 	 0.028454751784 
3.000000000000 	 16.000000000000 	 0.029309900740 
3.000000000000 	 17.000000000000 	 0.030045511435 
3.000000000000 	 18.000000000000 	 0.030661121421 
3.000000000000 	 19.000000000000 	 0.031156686568 
3.000000000000 	 20.000000000000 	 0.031532515837 
3.000000000000 	 21.000000000000 	 0.031789212164 
3.000000000000 	 22.000000000000 	 0.031927621424 
3.000000000000 	 23.000000000000 	 0.031948791004 
3.000000000000 	 24.000000000000 	 0.031853938995 
3.000000000000 	 25.000000000000 	 0.031644434525 
3.000000000000 	 26.000000000000 	 0.031321789196 
3.000000000000 	 27.000000000000 	 0.030887659130 
3.000000000000 	 28.000000000000 	 0.030343856618 
3.000000000000 	 29.000000000000 	 0.029692370022 
3.000000000000 	 30.000000000000 	 0.028935390177 
3.000000000000 	 31.000000000000 	 0.028075341365 
3.000000000000 	 32.000000000000 	 0.027114914698 
3.000000000000 	 33.000000000000 	 0.026057101733 
3.000000000000 	 34.000000000000 	 0.024905226152 
3.000000000000 	 35.000000000000 	 0.023662971446 
3.000000000000 	 36.000000000000 	 0.022334402763 
3.000000000000 	 37.000000000000 	 0.020923981359 
3.000000000000 	 38.000000000000 	 0.019436570405 
3.000000000000 	 39.000000000000 	 0.017877431336 

4.000000000000 	 1.000000000000 	 0.007517959424 
4.000000000000 	 2.000000000000 	 0.010297923194 
4.000000000000 	 3.000000000000 	 0.013024332910 
4.000000000000 	 4.000000000000 	 0.015683503702 
4.000000000000 	 5.000000000000 	 0.018262487714 
4.000000000000 	 6.000000000000 	 0.020749193829 
4.000000000000 	 7.000000000000 	 0.023132485605 
4.000000000000 	 8.000000000000 	 0.025402255566 
4.000000000000 	 9.000000000000 	 0.027549474811 
4.000000000000 	 10.000000000000 	 0.029566217845 
4.000000000000 	 11.000000000000 	 0.031445663333 
4.000000000000 	 12.000000000000 	 0.033182072339 
4.000000000000 	 13.000000000000 	 0.034770746326 
4.000000000000 	 14.000000000000 	 0.036207967797 
4.000000000000 	 15.000000000000 	 0.037490926986 
4.000000000000 	 16.000000000000 	 0.038617638302 
4.000000000000 	 17.000000000000 	 0.039586850455 
4.000000000000 	 18.000000000000 	 0.040397954177 
4.000000000000 	 19.000000000000 	 0.041050891356 
4.000000000000 	 20.000000000000 	 0.041546069096 
4.000000000000 	 21.000000000000 	 0.041884281827 
4.000000000000 	 22.000000000000 	 0.042066644061 
4.000000000000 	 23.000000000000 	 0.042094535803 
4.000000000000 	 24.000000000000 	 0.041969561973 
4.000000000000 	 25.000000000000 	 0.041693526478 
4.000000000000 	 26.000000000000 	 0.041268420944 
4.000000000000 	 27.000000000000 	 0.040696427400 
4.000000000000 	 28.000000000000 	 0.039979933638 
4.000000000000 	 29.000000000000 	 0.039121559426 
4.000000000000 	 30.000000000000 	 0.038124191306 
4.000000000000 	 31.000000000000 	 0.036991023394 
4.000000000000 	 32.000000000000 	 0.035725601375 
4.000000000000 	 33.000000000000 	 0.034331866788 
4.000000000000 	 34.000000000000 	 0.032814198772 
4.000000000000 	 35.000000000000 	 0.031177450536 
4.000000000000 	 36.000000000000 	 0.029426978153 
4.000000000000 	 37.000000000000 	 0.027568659595 
4.000000000000 	 38.000000000000 	 0.025608902389 
4.000000000000 	 39.000000000000 	 0.023554638804 

5.000000000000 	 1.000000000000 	 0.009255577881 
5.000000000000 	 2.000000000000 	 0.012678071756 
5.000000000000 	 3.000000000000 	 0.016034633486 
5.000000000000 	 4.000000000000 	 0.019308415191 
5.000000000000 	 5.000000000000 	 0.022483476360 
5.000000000000 	 6.000000000000 	 0.025544931246 
5.000000000000 	 7.000000000000 	 0.028479069447 
5.000000000000 	 8.000000000000 	 0.031273447357 
5.000000000000 	 9.000000000000 	 0.033916949253 
5.000000000000 	 10.000000000000 	 0.036399817854 
5.000000000000 	 11.000000000000 	 0.038713655254 
5.000000000000 	 12.000000000000 	 0.040851396132 
5.000000000000 	 13.000000000000 	 0.042807256033 
5.000000000000 	 14.000000000000 	 0.044576658300 
5.000000000000 	 15.000000000000 	 0.046156143807 
5.000000000000 	 16.000000000000 	 0.047543268100 
5.000000000000 	 17.000000000000 	 0.048736490738 
5.000000000000 	 18.000000000000 	 0.049735061692 
5.000000000000 	 19.000000000000 	 0.050538909467 
5.000000000000 	 20.000000000000 	 0.051148535308 
5.000000000000 	 21.000000000000 	 0.051564917292 
5.000000000000 	 22.000000000000 	 0.051789427555 
5.000000000000 	 23.000000000000 	 0.051823765079 
5.000000000000 	 24.000000000000 	 0.051669905730 
5.000000000000 	 25.000000000000 	 0.051330070347 
5.000000000000 	 26.000000000000 	 0.050806710864 
5.000000000000 	 27.000000000000 	 0.050102513620 
5.000000000000 	 28.000000000000 	 0.049220418265 
5.000000000000 	 29.000000000000 	 0.048163650035 
5.000000000000 	 30.000000000000 	 0.046935762599 
5.000000000000 	 31.000000000000 	 0.045540688283 
5.000000000000 	 32.000000000000 	 0.043982792239 
5.000000000000 	 33.000000000000 	 0.042266926972 
5.000000000000 	 34.000000000000 	 0.040398483726 
5.000000000000 	 35.000000000000 	 0.038383437393 
5.000000000000 	 36.000000000000 	 0.036228381963 
5.000000000000 	 37.000000000000 	 0.033940553951 
5.000000000000 	 38.000000000000 	 0.031527841836 
5.000000000000 	 39.000000000000 	 0.028998780125 

6.000000000000 	 1.000000000000 	 0.010903503982 
6.000000000000 	 2.000000000000 	 0.014935361762 
6.000000000000 	 3.000000000000 	 0.018889548117 
6.000000000000 	 4.000000000000 	 0.022746215398 
6.000000000000 	 5.000000000000 	 0.026486584892 
6.000000000000 	 6.000000000000 	 0.030093120466 
6.000000000000 	 7.000000000000 	 0.033549670613 
6.000000000000 	 8.000000000000 	 0.036841576188 
6.000000000000 	 9.000000000000 	 0.039955742371 
6.000000000000 	 10.000000000000 	 0.042880674668 
6.000000000000 	 11.000000000000 	 0.045606480006 
6.000000000000 	 12.000000000000 	 0.048124835169 
6.000000000000 	 13.000000000000 	 0.050428925875 
6.000000000000 	 14.000000000000 	 0.052513360689 
6.000000000000 	 15.000000000000 	 0.054374064686 
6.000000000000 	 16.000000000000 	 0.056008158272 
6.000000000000 	 17.000000000000 	 0.057413826818 
6.000000000000 	 18.000000000000 	 0.058590186834 
6.000000000000 	 19.000000000000 	 0.059537154169 
6.000000000000 	 20.000000000000 	 0.060255319372 
6.000000000000 	 21.000000000000 	 0.060745834716 
6.000000000000 	 22.000000000000 	 0.061010316675 
6.000000000000 	 23.000000000000 	 0.061050766752 
6.000000000000 	 24.000000000000 	 0.060869512617 
6.000000000000 	 25.000000000000 	 0.060469170518 
6.000000000000 	 26.000000000000 	 0.059852628928 
6.000000000000 	 27.000000000000 	 0.059023052448 
6.000000000000 	 28.000000000000 	 0.057983904084 
6.000000000000 	 29.000000000000 	 0.056738983266 
6.000000000000 	 30.000000000000 	 0.055292476326 
6.000000000000 	 31.000000000000 	 0.053649015672 
6.000000000000 	 32.000000000000 	 0.051813743597 
6.000000000000 	 33.000000000000 	 0.049792376521 
6.000000000000 	 34.000000000000 	 0.047591265529 
6.000000000000 	 35.000000000000 	 0.045217449276 
6.000000000000 	 36.000000000000 	 0.042678695747 
6.000000000000 	 37.000000000000 	 0.039983529865 
6.000000000000 	 38.000000000000 	 0.037141244604 
6.000000000000 	 39.000000000000 	 0.034161894000 

7.000000000000 	 1.000000000000 	 0.012448414148 
7.000000000000 	 2.000000000000 	 0.017051542886 
7.000000000000 	 3.000000000000 	 0.021565994630 
7.000000000000 	 4.000000000000 	 0.025969109458 
7.000000000000 	 5.000000000000 	 0.030239447855 
7.000000000000 	 6.000000000000 	 0.034356988971 
7.000000000000 	 7.000000000000 	 0.038303292787 
7.000000000000 	 8.000000000000 	 0.042061623120 
7.000000000000 	 9.000000000000 	 0.045617029786 
7.000000000000 	 10.000000000000 	 0.048956389692 
7.000000000000 	 11.000000000000 	 0.052068408091 
7.000000000000 	 12.000000000000 	 0.054943582543 
7.000000000000 	 13.000000000000 	 0.057574133351 
7.000000000000 	 14.000000000000 	 0.059953905278 
7.000000000000 	 15.000000000000 	 0.062078246140 
7.000000000000 	 16.000000000000 	 0.063943868445 
7.000000000000 	 17.000000000000 	 0.065548700564 
7.000000000000 	 18.000000000000 	 0.066891733928 
7.000000000000 	 19.000000000000 	 0.067972872556 
7.000000000000 	 20.000000000000 	 0.068792790752 
7.000000000000 	 21.000000000000 	 0.069352804117 
7.000000000000 	 22.000000000000 	 0.069654758210 
7.000000000000 	 23.000000000000 	 0.069700938154 
7.000000000000 	 24.000000000000 	 0.069494001435 
7.000000000000 	 25.000000000000 	 0.069036934989 
7.000000000000 	 26.000000000000 	 0.068333036529 
7.000000000000 	 27.000000000000 	 0.067385919006 
7.000000000000 	 28.000000000000 	 0.066199536043 
7.000000000000 	 29.000000000000 	 0.064778225345 
7.000000000000 	 30.000000000000 	 0.063126766331 
7.000000000000 	 31.000000000000 	 0.061250447697 
7.000000000000 	 32.000000000000 	 0.059155140266 
7.000000000000 	 33.000000000000 	 0.056847370340 
7.000000000000 	 34.000000000000 	 0.054334388812 
7.000000000000 	 35.000000000000 	 0.051624231578 
7.000000000000 	 36.000000000000 	 0.048725767209 
7.000000000000 	 37.000000000000 	 0.045648728477 
7.000000000000 	 38.000000000000 	 0.042403725042 
7.000000000000 	 39.000000000000 	 0.039002235473 

8.000000000000 	 1.000000000000 	 0.013879170948 
8.000000000000 	 2.000000000000 	 0.019011359337 
8.000000000000 	 3.000000000000 	 0.024044678213 
8.000000000000 	 4.000000000000 	 0.028953863148 
8.000000000000 	 5.000000000000 	 0.033715010411 
8.000000000000 	 6.000000000000 	 0.038305798010 
8.000000000000 	 7.000000000000 	 0.042705666509 
8.000000000000 	 8.000000000000 	 0.046895956164 
8.000000000000 	 9.000000000000 	 0.050859998528 
8.000000000000 	 10.000000000000 	 0.054583162270 
8.000000000000 	 11.000000000000 	 0.058052854568 
8.000000000000 	 12.000000000000 	 0.061258480925 
8.000000000000 	 13.000000000000 	 0.064191367607 
8.000000000000 	 14.000000000000 	 0.066844652058 
8.000000000000 	 15.000000000000 	 0.069213147532 
8.000000000000 	 16.000000000000 	 0.071293188833 
8.000000000000 	 17.000000000000 	 0.073082466364 
8.000000000000 	 18.000000000000 	 0.074579855762 
8.000000000000 	 19.000000000000 	 0.075785250133 
8.000000000000 	 20.000000000000 	 0.076699401378 
8.000000000000 	 21.000000000000 	 0.077323776387 
8.000000000000 	 22.000000000000 	 0.077660432896 
8.000000000000 	 23.000000000000 	 0.077711918704 
8.000000000000 	 24.000000000000 	 0.077481196748 
8.000000000000 	 25.000000000000 	 0.076971597256 
8.000000000000 	 26.000000000000 	 0.076186796933 
8.000000000000 	 27.000000000000 	 0.075130823935 
8.000000000000 	 28.000000000000 	 0.073808086227 
8.000000000000 	 29.000000000000 	 0.072223419989 
8.000000000000 	 30.000000000000 	 0.070382153873 
8.000000000000 	 31.000000000000 	 0.068290184338 
8.000000000000 	 32.000000000000 	 0.065954056874 
8.000000000000 	 33.000000000000 	 0.063381047790 
8.000000000000 	 34.000000000000 	 0.060579241271 
8.000000000000 	 35.000000000000 	 0.057557596741 
8.000000000000 	 36.000000000000 	 0.054326002013 
8.000000000000 	 37.000000000000 	 0.050895308442 
8.000000000000 	 38.000000000000 	 0.047277345069 
8.000000000000 	 39.000000000000 	 0.043484909733 

9.000000000000 	 1.000000000000 	 0.015186936339 
9.000000000000 	 2.000000000000 	 0.020802704976 
9.000000000000 	 3.000000000000 	 0.026310287600 
9.000000000000 	 4.000000000000 	 0.031682039129 
9.000000000000 	 5.000000000000 	 0.036891803421 
9.000000000000 	 6.000000000000 	 0.041915155141 
9.000000000000 	 7.000000000000 	 0.046729597618 
9.000000000000 	 8.000000000000 	 0.051314712903 
9.000000000000 	 9.000000000000 	 0.055652262008 
9.000000000000 	 10.000000000000 	 0.059726235036 
9.000000000000 	 11.000000000000 	 0.063522852708 
9.000000000000 	 12.000000000000 	 0.067030522383 
9.000000000000 	 13.000000000000 	 0.070239753188 
9.000000000000 	 14.000000000000 	 0.073143036097 
9.000000000000 	 15.000000000000 	 0.075734695807 
9.000000000000 	 16.000000000000 	 0.078010721933 
9.000000000000 	 17.000000000000 	 0.079968587417 
9.000000000000 	 18.000000000000 	 0.081607062105 
9.000000000000 	 19.000000000000 	 0.082926029164 
9.000000000000 	 20.000000000000 	 0.083926311461 
9.000000000000 	 21.000000000000 	 0.084609514198 
9.000000000000 	 22.000000000000 	 0.084977889070 
9.000000000000 	 23.000000000000 	 0.085034223983 
9.000000000000 	 24.000000000000 	 0.084781761072 
9.000000000000 	 25.000000000000 	 0.084224144344 
9.000000000000 	 26.000000000000 	 0.083365396907 
9.000000000000 	 27.000000000000 	 0.082209926409 
9.000000000000 	 28.000000000000 	 0.080762556079 
9.000000000000 	 29.000000000000 	 0.079028577692 
9.000000000000 	 30.000000000000 	 0.077013821891 
9.000000000000 	 31.000000000000 	 0.074724740615 
9.000000000000 	 32.000000000000 	 0.072168495993 
9.000000000000 	 33.000000000000 	 0.069353049834 
9.000000000000 	 34.000000000000 	 0.066287247953 
9.000000000000 	 35.000000000000 	 0.062980893884 
9.000000000000 	 36.000000000000 	 0.059444807042 
9.000000000000 	 37.000000000000 	 0.055690861190 
9.000000000000 	 38.000000000000 	 0.051731999918 
9.000000000000 	 39.000000000000 	 0.047582226915 

10.000000000000 	 1.000000000000 	 0.016365193874 
10.000000000000 	 2.000000000000 	 0.022416653744 
10.000000000000 	 3.000000000000 	 0.028351533546 
10.000000000000 	 4.000000000000 	 0.034140043273 
10.000000000000 	 5.000000000000 	 0.039753997400 
10.000000000000 	 6.000000000000 	 0.045167075527 
10.000000000000 	 7.000000000000 	 0.050355035583 
10.000000000000 	 8.000000000000 	 0.055295875536 
10.000000000000 	 9.000000000000 	 0.059969941396 
10.000000000000 	 10.000000000000 	 0.064359981248 
10.000000000000 	 11.000000000000 	 0.068451146878 
10.000000000000 	 12.000000000000 	 0.072230946387 
10.000000000000 	 13.000000000000 	 0.075689152728 
10.000000000000 	 14.000000000000 	 0.078817674476 
10.000000000000 	 15.000000000000 	 0.081610396202 
10.000000000000 	 16.000000000000 	 0.084062996568 
10.000000000000 	 17.000000000000 	 0.086172752641 
10.000000000000 	 18.000000000000 	 0.087938338998 
10.000000000000 	 19.000000000000 	 0.089359629896 
10.000000000000 	 20.000000000000 	 0.090437512175 
10.000000000000 	 21.000000000000 	 0.091173715681 
10.000000000000 	 22.000000000000 	 0.091570666880 
10.000000000000 	 23.000000000000 	 0.091631370024 
10.000000000000 	 24.000000000000 	 0.091359318800 
10.000000000000 	 25.000000000000 	 0.090758439917 
10.000000000000 	 26.000000000000 	 0.089833068569 
10.000000000000 	 27.000000000000 	 0.088587954298 
10.000000000000 	 28.000000000000 	 0.087028294449 
10.000000000000 	 29.000000000000 	 0.085159791247 
10.000000000000 	 30.000000000000 	 0.082988727576 
10.000000000000 	 31.000000000000 	 0.080522055815 
10.000000000000 	 32.000000000000 	 0.077767493631 
10.000000000000 	 33.000000000000 	 0.074733620412 
10.000000000000 	 34.000000000000 	 0.071429968150 
10.000000000000 	 35.000000000000 	 0.067867100865 
10.000000000000 	 36.000000000000 	 0.064056677295 
10.000000000000 	 37.000000000000 	 0.060011492342 
10.000000000000 	 38.000000000000 	 0.055745493756 
10.000000000000 	 39.000000000000 	 0.051273771658 

11.000000000000 	 1.000000000000 	 0.017409682451 
11.000000000000 	 2.000000000000 	 0.023847368895 
11.000000000000 	 3.000000000000 	 0.030161034044 
11.000000000000 	 4.000000000000 	 0.036318986442 
11.000000000000 	 5.000000000000 	 0.042291241558 
11.000000000000 	 6.000000000000 	 0.048049799056 
11.000000000000 	 7.000000000000 	 0.053568869619 
11.000000000000 	 8.000000000000 	 0.058825046974 
11.000000000000 	 9.000000000000 	 0.063797422796 
11.000000000000 	 10.000000000000 	 0.068467644175 
11.000000000000 	 11.000000000000 	 0.072819915356 
11.000000000000 	 12.000000000000 	 0.076840947313 
11.000000000000 	 13.000000000000 	 0.080519860449 
11.000000000000 	 14.000000000000 	 0.083848047108 
11.000000000000 	 15.000000000000 	 0.086819001755 
11.000000000000 	 16.000000000000 	 0.089428127453 
11.000000000000 	 17.000000000000 	 0.091672527682 
11.000000000000 	 18.000000000000 	 0.093550792613 
11.000000000000 	 19.000000000000 	 0.095062788647 
11.000000000000 	 20.000000000000 	 0.096209459370 
11.000000000000 	 21.000000000000 	 0.096992645152 
11.000000000000 	 22.000000000000 	 0.097414927409 
11.000000000000 	 23.000000000000 	 0.097479502188 
11.000000000000 	 24.000000000000 	 0.097190086176 
11.000000000000 	 25.000000000000 	 0.096550856683 
11.000000000000 	 26.000000000000 	 0.095566425546 
11.000000000000 	 27.000000000000 	 0.094241845368 
11.000000000000 	 28.000000000000 	 0.092582645111 
11.000000000000 	 29.000000000000 	 0.090594890820 
11.000000000000 	 30.000000000000 	 0.088285266247 
11.000000000000 	 31.000000000000 	 0.085661167362 
11.000000000000 	 32.000000000000 	 0.082730804259 
11.000000000000 	 33.000000000000 	 0.079503303761 
11.000000000000 	 34.000000000000 	 0.075988806099 
11.000000000000 	 35.000000000000 	 0.072198549413 
11.000000000000 	 36.000000000000 	 0.068144936450 
11.000000000000 	 37.000000000000 	 0.063841578653 
11.000000000000 	 38.000000000000 	 0.059303313917 
11.000000000000 	 39.000000000000 	 0.054546195443 

12.000000000000 	 1.000000000000 	 0.018318248509 
12.000000000000 	 2.000000000000 	 0.025091900552 
12.000000000000 	 3.000000000000 	 0.031735058264 
12.000000000000 	 4.000000000000 	 0.038214376150 
12.000000000000 	 5.000000000000 	 0.044498304754 
12.000000000000 	 6.000000000000 	 0.050557382407 
12.000000000000 	 7.000000000000 	 0.056364473885 
12.000000000000 	 8.000000000000 	 0.061894951417 
12.000000000000 	 9.000000000000 	 0.067126815585 
12.000000000000 	 10.000000000000 	 0.072040755785 
12.000000000000 	 11.000000000000 	 0.076620152055 
12.000000000000 	 12.000000000000 	 0.080851022016 
12.000000000000 	 13.000000000000 	 0.084721918481 
12.000000000000 	 14.000000000000 	 0.088223784788 
12.000000000000 	 15.000000000000 	 0.091349776115 
12.000000000000 	 16.000000000000 	 0.094095055840 
12.000000000000 	 17.000000000000 	 0.096456576494 
12.000000000000 	 18.000000000000 	 0.098432854872 
12.000000000000 	 19.000000000000 	 0.100023750584 
12.000000000000 	 20.000000000000 	 0.101230256613 
12.000000000000 	 21.000000000000 	 0.102054309496 
12.000000000000 	 22.000000000000 	 0.102498625459 
12.000000000000 	 23.000000000000 	 0.102566567396 
12.000000000000 	 24.000000000000 	 0.102262045978 
12.000000000000 	 25.000000000000 	 0.101589456504 
12.000000000000 	 26.000000000000 	 0.100553651440 
12.000000000000 	 27.000000000000 	 0.099159946994 
12.000000000000 	 28.000000000000 	 0.097414160565 
12.000000000000 	 29.000000000000 	 0.095322674647 
12.000000000000 	 30.000000000000 	 0.092892521661 
12.000000000000 	 31.000000000000 	 0.090131483406 
12.000000000000 	 32.000000000000 	 0.087048198292 
12.000000000000 	 33.000000000000 	 0.083652269299 
12.000000000000 	 34.000000000000 	 0.079954365716 
12.000000000000 	 35.000000000000 	 0.075966312050 
12.000000000000 	 36.000000000000 	 0.071701158211 
12.000000000000 	 37.000000000000 	 0.067173225908 
12.000000000000 	 38.000000000000 	 0.062398127329 
12.000000000000 	 39.000000000000 	 0.057392753416 

13.000000000000 	 1.000000000000 	 0.019090627537 
13.000000000000 	 2.000000000000 	 0.026149886419 
13.000000000000 	 3.000000000000 	 0.033073148037 
13.000000000000 	 4.000000000000 	 0.039825660755 
13.000000000000 	 5.000000000000 	 0.046374544737 
13.000000000000 	 6.000000000000 	 0.052689096008 
13.000000000000 	 7.000000000000 	 0.058741035172 
13.000000000000 	 8.000000000000 	 0.064504696059 
13.000000000000 	 9.000000000000 	 0.069957151712 
13.000000000000 	 10.000000000000 	 0.075078277409 
13.000000000000 	 11.000000000000 	 0.079850752553 
13.000000000000 	 12.000000000000 	 0.084260005375 
13.000000000000 	 13.000000000000 	 0.088294106218 
13.000000000000 	 14.000000000000 	 0.091943616767 
13.000000000000 	 15.000000000000 	 0.095201403812 
13.000000000000 	 16.000000000000 	 0.098062427025 
13.000000000000 	 17.000000000000 	 0.100523510660 
13.000000000000 	 18.000000000000 	 0.102583109181 
13.000000000000 	 19.000000000000 	 0.104241076462 
13.000000000000 	 20.000000000000 	 0.105498447515 
13.000000000000 	 21.000000000000 	 0.106357240657 
13.000000000000 	 22.000000000000 	 0.106820286735 
13.000000000000 	 23.000000000000 	 0.106891090497 
13.000000000000 	 24.000000000000 	 0.106573727522 
13.000000000000 	 25.000000000000 	 0.105872778419 
13.000000000000 	 26.000000000000 	 0.104793300207 
13.000000000000 	 27.000000000000 	 0.103340833166 
13.000000000000 	 28.000000000000 	 0.101521439877 
13.000000000000 	 29.000000000000 	 0.099341771820 
13.000000000000 	 30.000000000000 	 0.096809157792 
13.000000000000 	 31.000000000000 	 0.093931707555 
13.000000000000 	 32.000000000000 	 0.090718423599 
13.000000000000 	 33.000000000000 	 0.087179313660 
13.000000000000 	 34.000000000000 	 0.083325496749 
13.000000000000 	 35.000000000000 	 0.079169295824 
13.000000000000 	 36.000000000000 	 0.074724310929 
13.000000000000 	 37.000000000000 	 0.070005467555 
13.000000000000 	 38.000000000000 	 0.065029036114 
13.000000000000 	 39.000000000000 	 0.059812619710 

14.000000000000 	 1.000000000000 	 0.019728169044 
14.000000000000 	 2.000000000000 	 0.027023175043 
14.000000000000 	 3.000000000000 	 0.034177641369 
14.000000000000 	 4.000000000000 	 0.041155655690 
14.000000000000 	 5.000000000000 	 0.047923240018 
14.000000000000 	 6.000000000000 	 0.054448664930 
14.000000000000 	 7.000000000000 	 0.060702706597 
14.000000000000 	 8.000000000000 	 0.066658841726 
14.000000000000 	 9.000000000000 	 0.072293377766 
14.000000000000 	 10.000000000000 	 0.077585518015 
14.000000000000 	 11.000000000000 	 0.082517363586 
14.000000000000 	 12.000000000000 	 0.087073856247 
14.000000000000 	 13.000000000000 	 0.091242668139 
14.000000000000 	 14.000000000000 	 0.095014045961 
14.000000000000 	 15.000000000000 	 0.098380618512 
14.000000000000 	 16.000000000000 	 0.101337177362 
14.000000000000 	 17.000000000000 	 0.103880440931 
14.000000000000 	 18.000000000000 	 0.106008812272 
14.000000000000 	 19.000000000000 	 0.107722140567 
14.000000000000 	 20.000000000000 	 0.109021495549 
14.000000000000 	 21.000000000000 	 0.109908963066 
14.000000000000 	 22.000000000000 	 0.110387468597 
14.000000000000 	 23.000000000000 	 0.110460633988 
14.000000000000 	 24.000000000000 	 0.110132670946 
14.000000000000 	 25.000000000000 	 0.109408313032 
14.000000000000 	 26.000000000000 	 0.108292786099 
14.000000000000 	 27.000000000000 	 0.106791815365 
14.000000000000 	 28.000000000000 	 0.104911665768 
14.000000000000 	 29.000000000000 	 0.102659210789 
14.000000000000 	 30.000000000000 	 0.100042023832 
14.000000000000 	 31.000000000000 	 0.097068485337 
14.000000000000 	 32.000000000000 	 0.093747898283 
14.000000000000 	 33.000000000000 	 0.090090604470 
14.000000000000 	 34.000000000000 	 0.086108094092 
14.000000000000 	 35.000000000000 	 0.081813101515 
14.000000000000 	 36.000000000000 	 0.077219680857 
14.000000000000 	 37.000000000000 	 0.072343255969 
14.000000000000 	 38.000000000000 	 0.067200640562 
14.000000000000 	 39.000000000000 	 0.061810025575 

15.000000000000 	 1.000000000000 	 0.020233521603 
15.000000000000 	 2.000000000000 	 0.027715394402 
15.000000000000 	 3.000000000000 	 0.035053126808 
15.000000000000 	 4.000000000000 	 0.042209886424 
15.000000000000 	 5.000000000000 	 0.049150824782 
15.000000000000 	 6.000000000000 	 0.055843399612 
15.000000000000 	 7.000000000000 	 0.062257638468 
15.000000000000 	 8.000000000000 	 0.068366338657 
15.000000000000 	 9.000000000000 	 0.074145200779 
15.000000000000 	 10.000000000000 	 0.079572895508 
15.000000000000 	 11.000000000000 	 0.084631065595 
15.000000000000 	 12.000000000000 	 0.089304267244 
15.000000000000 	 13.000000000000 	 0.093579856996 
15.000000000000 	 14.000000000000 	 0.097447831919 
15.000000000000 	 15.000000000000 	 0.100900632208 
15.000000000000 	 16.000000000000 	 0.103932916234 
15.000000000000 	 17.000000000000 	 0.106541318566 
15.000000000000 	 18.000000000000 	 0.108724201553 
15.000000000000 	 19.000000000000 	 0.110481410688 
15.000000000000 	 20.000000000000 	 0.111814043263 
15.000000000000 	 21.000000000000 	 0.112724238678 
15.000000000000 	 22.000000000000 	 0.113214997442 
15.000000000000 	 23.000000000000 	 0.113290034229 
15.000000000000 	 24.000000000000 	 0.112953668653 
15.000000000000 	 25.000000000000 	 0.112210755514 
15.000000000000 	 26.000000000000 	 0.111066654477 
15.000000000000 	 27.000000000000 	 0.109527237340 
15.000000000000 	 28.000000000000 	 0.107598929418 
15.000000000000 	 29.000000000000 	 0.105288780137 
15.000000000000 	 30.000000000000 	 0.102604556762 
15.000000000000 	 31.000000000000 	 0.099554854257 
15.000000000000 	 32.000000000000 	 0.096149213757 
15.000000000000 	 33.000000000000 	 0.092398241828 
15.000000000000 	 34.000000000000 	 0.088313722861 
15.000000000000 	 35.000000000000 	 0.083908717299 
15.000000000000 	 36.000000000000 	 0.079197639164 
15.000000000000 	 37.000000000000 	 0.074196307323 
15.000000000000 	 38.000000000000 	 0.068921966124 
15.000000000000 	 39.000000000000 	 0.063393272449 

16.000000000000 	 1.000000000000 	 0.020610296179 
16.000000000000 	 2.000000000000 	 0.028231490732 
16.000000000000 	 3.000000000000 	 0.035705860172 
16.000000000000 	 4.000000000000 	 0.042995886100 
16.000000000000 	 5.000000000000 	 0.050066071021 
16.000000000000 	 6.000000000000 	 0.056883266624 
16.000000000000 	 7.000000000000 	 0.063416942307 
16.000000000000 	 8.000000000000 	 0.069639388845 
16.000000000000 	 9.000000000000 	 0.075525854402 
16.000000000000 	 10.000000000000 	 0.081054612566 
16.000000000000 	 11.000000000000 	 0.086206964372 
16.000000000000 	 12.000000000000 	 0.090967178597 
16.000000000000 	 13.000000000000 	 0.095322376520 
16.000000000000 	 14.000000000000 	 0.099262369133 
16.000000000000 	 15.000000000000 	 0.102779456058 
16.000000000000 	 16.000000000000 	 0.105868196404 
16.000000000000 	 17.000000000000 	 0.108525162268 
16.000000000000 	 18.000000000000 	 0.110748685688 
16.000000000000 	 19.000000000000 	 0.112538609448 
16.000000000000 	 20.000000000000 	 0.113896051416 
16.000000000000 	 21.000000000000 	 0.114823190945 
16.000000000000 	 22.000000000000 	 0.115323084499 
16.000000000000 	 23.000000000000 	 0.115399515979 
16.000000000000 	 24.000000000000 	 0.115056885449 
16.000000000000 	 25.000000000000 	 0.114300138099 
16.000000000000 	 26.000000000000 	 0.113134733350 
16.000000000000 	 27.000000000000 	 0.111566652268 
16.000000000000 	 28.000000000000 	 0.109602439718 
16.000000000000 	 29.000000000000 	 0.107249276281 
16.000000000000 	 30.000000000000 	 0.104515073728 
16.000000000000 	 31.000000000000 	 0.101408586936 
16.000000000000 	 32.000000000000 	 0.097939534569 
16.000000000000 	 33.000000000000 	 0.094118720565 
16.000000000000 	 34.000000000000 	 0.089958148630 
16.000000000000 	 35.000000000000 	 0.085471122295 
16.000000000000 	 36.000000000000 	 0.080672323894 
16.000000000000 	 37.000000000000 	 0.075577866787 
16.000000000000 	 38.000000000000 	 0.070205316380 
16.000000000000 	 39.000000000000 	 0.064573676943 

17.000000000000 	 1.000000000000 	 0.020862726458 
17.000000000000 	 2.000000000000 	 0.028577263262 
17.000000000000 	 3.000000000000 	 0.036143176099 
17.000000000000 	 4.000000000000 	 0.043522486934 
17.000000000000 	 5.000000000000 	 0.050679263418 
17.000000000000 	 6.000000000000 	 0.057579951186 
17.000000000000 	 7.000000000000 	 0.064193645684 
17.000000000000 	 8.000000000000 	 0.070492298320 
17.000000000000 	 9.000000000000 	 0.076450854153 
17.000000000000 	 10.000000000000 	 0.082047320751 
17.000000000000 	 11.000000000000 	 0.087262770242 
17.000000000000 	 12.000000000000 	 0.092081278865 
17.000000000000 	 13.000000000000 	 0.096489810322 
17.000000000000 	 14.000000000000 	 0.100478050986 
17.000000000000 	 15.000000000000 	 0.104038206347 
17.000000000000 	 16.000000000000 	 0.107164769055 
17.000000000000 	 17.000000000000 	 0.109854269402 
17.000000000000 	 18.000000000000 	 0.112105019161 
17.000000000000 	 19.000000000000 	 0.113916859343 
17.000000000000 	 20.000000000000 	 0.115290921631 
17.000000000000 	 21.000000000000 	 0.116229412176 
17.000000000000 	 22.000000000000 	 0.116735424951 
17.000000000000 	 23.000000000000 	 0.116812790244 
17.000000000000 	 24.000000000000 	 0.116465962028 
17.000000000000 	 25.000000000000 	 0.115699946044 
17.000000000000 	 26.000000000000 	 0.114520268540 
17.000000000000 	 27.000000000000 	 0.112932983768 
17.000000000000 	 28.000000000000 	 0.110944716667 
17.000000000000 	 29.000000000000 	 0.108562735659 
17.000000000000 	 30.000000000000 	 0.105795049301 
17.000000000000 	 31.000000000000 	 0.102650519577 
17.000000000000 	 32.000000000000 	 0.099138984054 
17.000000000000 	 33.000000000000 	 0.095271378877 
17.000000000000 	 34.000000000000 	 0.091059854654 
17.000000000000 	 35.000000000000 	 0.086517877754 
17.000000000000 	 36.000000000000 	 0.081660310251 
17.000000000000 	 37.000000000000 	 0.076503462789 
17.000000000000 	 38.000000000000 	 0.071065115866 
17.000000000000 	 39.000000000000 	 0.065364506484 

18.000000000000 	 1.000000000000 	 0.020995344500 
18.000000000000 	 2.000000000000 	 0.028758919916 
18.000000000000 	 3.000000000000 	 0.036372926121 
18.000000000000 	 4.000000000000 	 0.043799143564 
18.000000000000 	 5.000000000000 	 0.051001411407 
18.000000000000 	 6.000000000000 	 0.057945961942 
18.000000000000 	 7.000000000000 	 0.064601694143 
18.000000000000 	 8.000000000000 	 0.070940381134 
18.000000000000 	 9.000000000000 	 0.076936808748 
18.000000000000 	 10.000000000000 	 0.082568844823 
18.000000000000 	 11.000000000000 	 0.087817441262 
18.000000000000 	 12.000000000000 	 0.092666573200 
18.000000000000 	 13.000000000000 	 0.097103121605 
18.000000000000 	 14.000000000000 	 0.101116707436 
18.000000000000 	 15.000000000000 	 0.104699486789 
18.000000000000 	 16.000000000000 	 0.107845917461 
18.000000000000 	 17.000000000000 	 0.110552507838 
18.000000000000 	 18.000000000000 	 0.112817559104 
18.000000000000 	 19.000000000000 	 0.114640911383 
18.000000000000 	 20.000000000000 	 0.116023703662 
18.000000000000 	 21.000000000000 	 0.116968156203 
18.000000000000 	 22.000000000000 	 0.117477382709 
18.000000000000 	 23.000000000000 	 0.117555237855 
18.000000000000 	 24.000000000000 	 0.117206203937 
18.000000000000 	 25.000000000000 	 0.116435318505 
18.000000000000 	 26.000000000000 	 0.115248142899 
18.000000000000 	 27.000000000000 	 0.113650769800 
18.000000000000 	 28.000000000000 	 0.111649866184 
18.000000000000 	 29.000000000000 	 0.109252746588 
18.000000000000 	 30.000000000000 	 0.106467470379 
18.000000000000 	 31.000000000000 	 0.103302955767 
18.000000000000 	 32.000000000000 	 0.099769102748 
18.000000000000 	 33.000000000000 	 0.095876916881 
18.000000000000 	 34.000000000000 	 0.091638625915 
18.000000000000 	 35.000000000000 	 0.087067781735 
18.000000000000 	 36.000000000000 	 0.082179340814 
18.000000000000 	 37.000000000000 	 0.076989717421 
18.000000000000 	 38.000000000000 	 0.071516805039 
18.000000000000 	 39.000000000000 	 0.065779962932 

19.000000000000 	 1.000000000000 	 0.021012688541 
19.000000000000 	 2.000000000000 	 0.028782677078 
19.000000000000 	 3.000000000000 	 0.036402972461 
19.000000000000 	 4.000000000000 	 0.043835323485 
19.000000000000 	 5.000000000000 	 0.051043539380 
19.000000000000 	 6.000000000000 	 0.057993824503 
19.000000000000 	 7.000000000000 	 0.064655052122 
19.000000000000 	 8.000000000000 	 0.070998972050 
19.000000000000 	 9.000000000000 	 0.077000349324 
19.000000000000 	 10.000000000000 	 0.082637033554 
19.000000000000 	 11.000000000000 	 0.087889960985 
19.000000000000 	 12.000000000000 	 0.092743093605 
19.000000000000 	 13.000000000000 	 0.097183301653 
19.000000000000 	 14.000000000000 	 0.101200197628 
19.000000000000 	 15.000000000000 	 0.104785931270 
19.000000000000 	 16.000000000000 	 0.107934955920 
19.000000000000 	 17.000000000000 	 0.110643777199 
19.000000000000 	 18.000000000000 	 0.112910694999 
19.000000000000 	 19.000000000000 	 0.114735549412 
19.000000000000 	 20.000000000000 	 0.116119480453 
19.000000000000 	 21.000000000000 	 0.117064710285 
19.000000000000 	 22.000000000000 	 0.117574355233 
19.000000000000 	 23.000000000000 	 0.117652273187 
19.000000000000 	 24.000000000000 	 0.117302950155 
19.000000000000 	 25.000000000000 	 0.116531427836 
19.000000000000 	 26.000000000000 	 0.115343272137 
19.000000000000 	 27.000000000000 	 0.113744580726 
19.000000000000 	 28.000000000000 	 0.111742026027 
19.000000000000 	 29.000000000000 	 0.109342928550 
19.000000000000 	 30.000000000000 	 0.106555354237 
19.000000000000 	 31.000000000000 	 0.103388228584 
19.000000000000 	 32.000000000000 	 0.099851459681 
19.000000000000 	 33.000000000000 	 0.095956062095 
19.000000000000 	 34.000000000000 	 0.091714273599 
19.000000000000 	 35.000000000000 	 0.087139657204 
19.000000000000 	 36.000000000000 	 0.082247181683 
19.000000000000 	 37.000000000000 	 0.077053274817 
19.000000000000 	 38.000000000000 	 0.071575844838 
19.000000000000 	 39.000000000000 	 0.065834266987 

20.000000000000 	 1.000000000000 	 0.020919057520 
20.000000000000 	 2.000000000000 	 0.028654423345 
20.000000000000 	 3.000000000000 	 0.036240762762 
20.000000000000 	 4.000000000000 	 0.043639994956 
20.000000000000 	 5.000000000000 	 0.050816090376 
20.000000000000 	 6.000000000000 	 0.057735403943 
20.000000000000 	 7.000000000000 	 0.064366947612 
20.000000000000 	 8.000000000000 	 0.070682597084 
20.000000000000 	 9.000000000000 	 0.076657229866 
20.000000000000 	 10.000000000000 	 0.082268794306 
20.000000000000 	 11.000000000000 	 0.087498311651 
20.000000000000 	 12.000000000000 	 0.092329815419 
20.000000000000 	 13.000000000000 	 0.096750234430 
20.000000000000 	 14.000000000000 	 0.100749227555 
20.000000000000 	 15.000000000000 	 0.104318979598 
20.000000000000 	 16.000000000000 	 0.107453968704 
20.000000000000 	 17.000000000000 	 0.110150716150 
20.000000000000 	 18.000000000000 	 0.112407529482 
20.000000000000 	 19.000000000000 	 0.114224249576 
20.000000000000 	 20.000000000000 	 0.115602011428 
20.000000000000 	 21.000000000000 	 0.116543027347 
20.000000000000 	 22.000000000000 	 0.117050399807 
20.000000000000 	 23.000000000000 	 0.117127969527 
20.000000000000 	 24.000000000000 	 0.116780202533 
20.000000000000 	 25.000000000000 	 0.116012118050 
20.000000000000 	 26.000000000000 	 0.114829257162 
20.000000000000 	 27.000000000000 	 0.113237690333 
20.000000000000 	 28.000000000000 	 0.111244060213 
20.000000000000 	 29.000000000000 	 0.108855654638 
20.000000000000 	 30.000000000000 	 0.106080503555 
20.000000000000 	 31.000000000000 	 0.102927492628 
20.000000000000 	 32.000000000000 	 0.099406485736 
20.000000000000 	 33.000000000000 	 0.095528448306 
20.000000000000 	 34.000000000000 	 0.091305563528 
20.000000000000 	 35.000000000000 	 0.086751333925 
20.000000000000 	 36.000000000000 	 0.081880661531 
20.000000000000 	 37.000000000000 	 0.076709900892 
20.000000000000 	 38.000000000000 	 0.071256880421 
20.000000000000 	 39.000000000000 	 0.065540889012 

21.000000000000 	 1.000000000000 	 0.020718323837 
21.000000000000 	 2.000000000000 	 0.028379463041 
21.000000000000 	 3.000000000000 	 0.035893005698 
21.000000000000 	 4.000000000000 	 0.043221236373 
21.000000000000 	 5.000000000000 	 0.050328471219 
21.000000000000 	 6.000000000000 	 0.057181387993 
21.000000000000 	 7.000000000000 	 0.063749295995 
21.000000000000 	 8.000000000000 	 0.070004340806 
21.000000000000 	 9.000000000000 	 0.075921641013 
21.000000000000 	 10.000000000000 	 0.081479356592 
21.000000000000 	 11.000000000000 	 0.086658690933 
21.000000000000 	 12.000000000000 	 0.091443830806 
21.000000000000 	 13.000000000000 	 0.095821830501 
21.000000000000 	 14.000000000000 	 0.099782448167 
21.000000000000 	 15.000000000000 	 0.103317943653 
21.000000000000 	 16.000000000000 	 0.106422848139 
21.000000000000 	 17.000000000000 	 0.109093716331 
21.000000000000 	 18.000000000000 	 0.111328872061 
21.000000000000 	 19.000000000000 	 0.113128157774 
21.000000000000 	 20.000000000000 	 0.114492697607 
21.000000000000 	 21.000000000000 	 0.115424682668 
21.000000000000 	 22.000000000000 	 0.115927185680 
21.000000000000 	 23.000000000000 	 0.116004010518 
21.000000000000 	 24.000000000000 	 0.115659580355 
21.000000000000 	 25.000000000000 	 0.114898866249 
21.000000000000 	 26.000000000000 	 0.113727356098 
21.000000000000 	 27.000000000000 	 0.112151062096 
21.000000000000 	 28.000000000000 	 0.110176563125 
21.000000000000 	 29.000000000000 	 0.107811077060 
21.000000000000 	 30.000000000000 	 0.105062556761 
21.000000000000 	 31.000000000000 	 0.101939802592 
21.000000000000 	 32.000000000000 	 0.098452583744 
21.000000000000 	 33.000000000000 	 0.094611760391 
21.000000000000 	 34.000000000000 	 0.090429398782 
21.000000000000 	 35.000000000000 	 0.085918871846 
21.000000000000 	 36.000000000000 	 0.081094938597 
21.000000000000 	 37.000000000000 	 0.075973796628 
21.000000000000 	 38.000000000000 	 0.070573103265 
21.000000000000 	 39.000000000000 	 0.064911962301 

22.000000000000 	 1.000000000000 	 0.020413812216 
22.000000000000 	 2.000000000000 	 0.027962350296 
22.000000000000 	 3.000000000000 	 0.035365461119 
22.000000000000 	 4.000000000000 	 0.042585983570 
22.000000000000 	 5.000000000000 	 0.049588758267 
22.000000000000 	 6.000000000000 	 0.056340952725 
22.000000000000 	 7.000000000000 	 0.062812327324 
22.000000000000 	 8.000000000000 	 0.068975437043 
22.000000000000 	 9.000000000000 	 0.074805766173 
22.000000000000 	 10.000000000000 	 0.080281795694 
22.000000000000 	 11.000000000000 	 0.085385005274 
22.000000000000 	 12.000000000000 	 0.090099814109 
22.000000000000 	 13.000000000000 	 0.094413466776 
22.000000000000 	 14.000000000000 	 0.098315871966 
22.000000000000 	 15.000000000000 	 0.101799403304 
22.000000000000 	 16.000000000000 	 0.104858672362 
22.000000000000 	 17.000000000000 	 0.107490284498 
22.000000000000 	 18.000000000000 	 0.109692588189 
22.000000000000 	 19.000000000000 	 0.111465428206 
22.000000000000 	 20.000000000000 	 0.112809912172 
22.000000000000 	 21.000000000000 	 0.113728198996 
22.000000000000 	 22.000000000000 	 0.114223316243 
22.000000000000 	 23.000000000000 	 0.114299011881 
22.000000000000 	 24.000000000000 	 0.113959644072 
22.000000000000 	 25.000000000000 	 0.113210110806 
22.000000000000 	 26.000000000000 	 0.112055819317 
22.000000000000 	 27.000000000000 	 0.110502693428 
22.000000000000 	 28.000000000000 	 0.108557215316 
22.000000000000 	 29.000000000000 	 0.106226496763 
22.000000000000 	 30.000000000000 	 0.103518373728 
22.000000000000 	 31.000000000000 	 0.100441517219 
22.000000000000 	 32.000000000000 	 0.097005552835 
22.000000000000 	 33.000000000000 	 0.093221181117 
22.000000000000 	 34.000000000000 	 0.089100290961 
22.000000000000 	 35.000000000000 	 0.084656058739 
22.000000000000 	 36.000000000000 	 0.079903026531 
22.000000000000 	 37.000000000000 	 0.074857153862 
22.000000000000 	 38.000000000000 	 0.069535838530 
22.000000000000 	 39.000000000000 	 0.063957903548 

23.000000000000 	 1.000000000000 	 0.020008248625 
23.000000000000 	 2.000000000000 	 0.027406819072 
23.000000000000 	 3.000000000000 	 0.034662851554 
23.000000000000 	 4.000000000000 	 0.041739923255 
23.000000000000 	 5.000000000000 	 0.048603573323 
23.000000000000 	 6.000000000000 	 0.055221621564 
23.000000000000 	 7.000000000000 	 0.061564429140 
23.000000000000 	 8.000000000000 	 0.067605096279 
23.000000000000 	 9.000000000000 	 0.073319594327 
23.000000000000 	 10.000000000000 	 0.078686831773 
23.000000000000 	 11.000000000000 	 0.083688656220 
23.000000000000 	 12.000000000000 	 0.088309796392 
23.000000000000 	 13.000000000000 	 0.092537750261 
23.000000000000 	 14.000000000000 	 0.096362626983 
23.000000000000 	 15.000000000000 	 0.099776951675 
23.000000000000 	 16.000000000000 	 0.102775442939 
23.000000000000 	 17.000000000000 	 0.105354773550 
23.000000000000 	 18.000000000000 	 0.107513324779 
23.000000000000 	 19.000000000000 	 0.109250944457 
23.000000000000 	 20.000000000000 	 0.110568718187 
23.000000000000 	 21.000000000000 	 0.111468761971 
23.000000000000 	 22.000000000000 	 0.111954043215 
23.000000000000 	 23.000000000000 	 0.112028235416 
23.000000000000 	 24.000000000000 	 0.111695610148 
23.000000000000 	 25.000000000000 	 0.110960968091 
23.000000000000 	 26.000000000000 	 0.109829609057 
23.000000000000 	 27.000000000000 	 0.108307339184 
23.000000000000 	 28.000000000000 	 0.106400511875 
23.000000000000 	 29.000000000000 	 0.104116097632 
23.000000000000 	 30.000000000000 	 0.101461776749 
23.000000000000 	 31.000000000000 	 0.098446047979 
23.000000000000 	 32.000000000000 	 0.095078345702 
23.000000000000 	 33.000000000000 	 0.091369157885 
23.000000000000 	 34.000000000000 	 0.087330137237 
23.000000000000 	 35.000000000000 	 0.082974198367 
23.000000000000 	 36.000000000000 	 0.078315594457 
23.000000000000 	 37.000000000000 	 0.073369967970 
23.000000000000 	 38.000000000000 	 0.068154371067 
23.000000000000 	 39.000000000000 	 0.062687252805 

24.000000000000 	 1.000000000000 	 0.019503779061 
24.000000000000 	 2.000000000000 	 0.026715808894 
24.000000000000 	 3.000000000000 	 0.033788894756 
24.000000000000 	 4.000000000000 	 0.040687532202 
24.000000000000 	 5.000000000000 	 0.047378129269 
24.000000000000 	 6.000000000000 	 0.053829317146 
24.000000000000 	 7.000000000000 	 0.060012204287 
24.000000000000 	 8.000000000000 	 0.065900569146 
24.000000000000 	 9.000000000000 	 0.071470988890 
24.000000000000 	 10.000000000000 	 0.076702903767 
24.000000000000 	 11.000000000000 	 0.081578619026 
24.000000000000 	 12.000000000000 	 0.086083248386 
24.000000000000 	 13.000000000000 	 0.090204604986 
24.000000000000 	 14.000000000000 	 0.093933047311 
24.000000000000 	 15.000000000000 	 0.097261288887 
24.000000000000 	 16.000000000000 	 0.100184181421 
24.000000000000 	 17.000000000000 	 0.102698481525 
24.000000000000 	 18.000000000000 	 0.104802611230 
24.000000000000 	 19.000000000000 	 0.106496422159 
24.000000000000 	 20.000000000000 	 0.107780972503 
24.000000000000 	 21.000000000000 	 0.108658324879 
24.000000000000 	 22.000000000000 	 0.109131371852 
24.000000000000 	 23.000000000000 	 0.109203694281 
24.000000000000 	 24.000000000000 	 0.108879456035 
24.000000000000 	 25.000000000000 	 0.108163336754 
24.000000000000 	 26.000000000000 	 0.107060502636 
24.000000000000 	 27.000000000000 	 0.105576613444 
24.000000000000 	 28.000000000000 	 0.103717862418 
24.000000000000 	 29.000000000000 	 0.101491044340 
24.000000000000 	 30.000000000000 	 0.098903645892 
24.000000000000 	 31.000000000000 	 0.095963951583 
24.000000000000 	 32.000000000000 	 0.092681157960 
24.000000000000 	 33.000000000000 	 0.089065488591 
24.000000000000 	 34.000000000000 	 0.085128302418 
24.000000000000 	 35.000000000000 	 0.080882188462 
24.000000000000 	 36.000000000000 	 0.076341040565 
24.000000000000 	 37.000000000000 	 0.071520106817 
24.000000000000 	 38.000000000000 	 0.066436009456 
24.000000000000 	 39.000000000000 	 0.061106732391 

25.000000000000 	 1.000000000000 	 0.018902054015 
25.000000000000 	 2.000000000000 	 0.025891580550 
25.000000000000 	 3.000000000000 	 0.032746450037 
25.000000000000 	 4.000000000000 	 0.039432253457 
25.000000000000 	 5.000000000000 	 0.045916435261 
25.000000000000 	 6.000000000000 	 0.052168594446 
25.000000000000 	 7.000000000000 	 0.058160730832 
25.000000000000 	 8.000000000000 	 0.063867431846 
25.000000000000 	 9.000000000000 	 0.069265997271 
25.000000000000 	 10.000000000000 	 0.074336501624 
25.000000000000 	 11.000000000000 	 0.079061796014 
25.000000000000 	 12.000000000000 	 0.083427453369 
25.000000000000 	 13.000000000000 	 0.087421662743 
25.000000000000 	 14.000000000000 	 0.091035079997 
25.000000000000 	 15.000000000000 	 0.094260643377 
25.000000000000 	 16.000000000000 	 0.097093363342 
25.000000000000 	 17.000000000000 	 0.099530096484 
25.000000000000 	 18.000000000000 	 0.101569313443 
25.000000000000 	 19.000000000000 	 0.103210870349 
25.000000000000 	 20.000000000000 	 0.104455792685 
25.000000000000 	 21.000000000000 	 0.105306079387 
25.000000000000 	 22.000000000000 	 0.105764533738 
25.000000000000 	 23.000000000000 	 0.105834626103 
25.000000000000 	 24.000000000000 	 0.105520391875 
25.000000000000 	 25.000000000000 	 0.104826366326 
25.000000000000 	 26.000000000000 	 0.103757556280 
25.000000000000 	 27.000000000000 	 0.102319446915 
25.000000000000 	 28.000000000000 	 0.100518040437 
25.000000000000 	 29.000000000000 	 0.098359922040 
25.000000000000 	 30.000000000000 	 0.095852347481 
25.000000000000 	 31.000000000000 	 0.093003345732 
25.000000000000 	 32.000000000000 	 0.089821829664 
25.000000000000 	 33.000000000000 	 0.086317707484 
25.000000000000 	 34.000000000000 	 0.082501987745 
25.000000000000 	 35.000000000000 	 0.078386871118 
25.000000000000 	 36.000000000000 	 0.073985822838 
25.000000000000 	 37.000000000000 	 0.069313620593 
25.000000000000 	 38.000000000000 	 0.064386373822 
25.000000000000 	 39.000000000000 	 0.059221511612 

26.000000000000 	 1.000000000000 	 0.018204370727 
26.000000000000 	 2.000000000000 	 0.024935910954 
26.000000000000 	 3.000000000000 	 0.031537764717 
26.000000000000 	 4.000000000000 	 0.037976793120 
26.000000000000 	 5.000000000000 	 0.044221642307 
26.000000000000 	 6.000000000000 	 0.050243033423 
26.000000000000 	 7.000000000000 	 0.056013999803 
26.000000000000 	 8.000000000000 	 0.061510066858 
26.000000000000 	 9.000000000000 	 0.066709372219 
26.000000000000 	 10.000000000000 	 0.071592725814 
26.000000000000 	 11.000000000000 	 0.076143611666 
26.000000000000 	 12.000000000000 	 0.080348135131 
26.000000000000 	 13.000000000000 	 0.084194921120 
26.000000000000 	 14.000000000000 	 0.087674970294 
26.000000000000 	 15.000000000000 	 0.090781481445 
26.000000000000 	 16.000000000000 	 0.093509649092 
26.000000000000 	 17.000000000000 	 0.095856445751 
26.000000000000 	 18.000000000000 	 0.097820398412 
26.000000000000 	 19.000000000000 	 0.099401368430 
26.000000000000 	 20.000000000000 	 0.100600343359 
26.000000000000 	 21.000000000000 	 0.101419248292 
26.000000000000 	 22.000000000000 	 0.101860782997 
26.000000000000 	 23.000000000000 	 0.101928289716 
26.000000000000 	 24.000000000000 	 0.101625654884 
26.000000000000 	 25.000000000000 	 0.100957246376 
26.000000000000 	 26.000000000000 	 0.099927886234 
26.000000000000 	 27.000000000000 	 0.098542857213 
26.000000000000 	 28.000000000000 	 0.096807940019 
26.000000000000 	 29.000000000000 	 0.094729476843 
26.000000000000 	 30.000000000000 	 0.092314455693 
26.000000000000 	 31.000000000000 	 0.089570609255 
26.000000000000 	 32.000000000000 	 0.086506521495 
26.000000000000 	 33.000000000000 	 0.083131734972 
26.000000000000 	 34.000000000000 	 0.079456851971 
26.000000000000 	 35.000000000000 	 0.075493622892 
26.000000000000 	 36.000000000000 	 0.071255016009 
26.000000000000 	 37.000000000000 	 0.066755263602 
26.000000000000 	 38.000000000000 	 0.062009880528 
26.000000000000 	 39.000000000000 	 0.057035652577 

27.000000000000 	 1.000000000000 	 0.017411862151 
27.000000000000 	 2.000000000000 	 0.023850351977 
27.000000000000 	 3.000000000000 	 0.030164801490 
27.000000000000 	 4.000000000000 	 0.036323514542 
27.000000000000 	 5.000000000000 	 0.042296502294 
27.000000000000 	 6.000000000000 	 0.048055760557 
27.000000000000 	 7.000000000000 	 0.053575496648 
27.000000000000 	 8.000000000000 	 0.058832301448 
27.000000000000 	 9.000000000000 	 0.063805264312 
27.000000000000 	 10.000000000000 	 0.068476030537 
27.000000000000 	 11.000000000000 	 0.072828803077 
27.000000000000 	 12.000000000000 	 0.076850292088 
27.000000000000 	 13.000000000000 	 0.080529617578 
27.000000000000 	 14.000000000000 	 0.083858171871 
27.000000000000 	 15.000000000000 	 0.086829449723 
27.000000000000 	 16.000000000000 	 0.089438854734 
27.000000000000 	 17.000000000000 	 0.091683491098 
27.000000000000 	 18.000000000000 	 0.093561949821 
27.000000000000 	 19.000000000000 	 0.095074098190 
27.000000000000 	 20.000000000000 	 0.096220880683 
27.000000000000 	 21.000000000000 	 0.097004138514 
27.000000000000 	 22.000000000000 	 0.097426453867 
27.000000000000 	 23.000000000000 	 0.097491023449 
27.000000000000 	 24.000000000000 	 0.097201564491 
27.000000000000 	 25.000000000000 	 0.096562254723 
27.000000000000 	 26.000000000000 	 0.095577706289 
27.000000000000 	 27.000000000000 	 0.094252972006 
27.000000000000 	 28.000000000000 	 0.092593580977 
27.000000000000 	 29.000000000000 	 0.090605599359 
27.000000000000 	 30.000000000000 	 0.088295711019 
27.000000000000 	 31.000000000000 	 0.085671312090 
27.000000000000 	 32.000000000000 	 0.082740612923 
27.000000000000 	 33.000000000000 	 0.079512740732 
27.000000000000 	 34.000000000000 	 0.075997836317 
27.000000000000 	 35.000000000000 	 0.072207138603 
27.000000000000 	 36.000000000000 	 0.068153051363 
27.000000000000 	 37.000000000000 	 0.063849187333 
27.000000000000 	 38.000000000000 	 0.059310385980 
27.000000000000 	 39.000000000000 	 0.054552702360 

28.000000000000 	 1.000000000000 	 0.016525719009 
28.000000000000 	 2.000000000000 	 0.022636534623 
28.000000000000 	 3.000000000000 	 0.028629623129 
28.000000000000 	 4.000000000000 	 0.034474901579 
28.000000000000 	 5.000000000000 	 0.040143907426 
28.000000000000 	 6.000000000000 	 0.045610061743 
28.000000000000 	 7.000000000000 	 0.050848884531 
28.000000000000 	 8.000000000000 	 0.055838158028 
28.000000000000 	 9.000000000000 	 0.060558035760 
28.000000000000 	 10.000000000000 	 0.064991097096 
28.000000000000 	 11.000000000000 	 0.069122348871 
28.000000000000 	 12.000000000000 	 0.072939177503 
28.000000000000 	 13.000000000000 	 0.076431256606 
28.000000000000 	 14.000000000000 	 0.079590416451 
28.000000000000 	 15.000000000000 	 0.082410482736 
28.000000000000 	 16.000000000000 	 0.084887092853 
28.000000000000 	 17.000000000000 	 0.087017498248 
28.000000000000 	 18.000000000000 	 0.088800361513 
28.000000000000 	 19.000000000000 	 0.090235556581 
28.000000000000 	 20.000000000000 	 0.091323979768 
28.000000000000 	 21.000000000000 	 0.092067378508 
28.000000000000 	 22.000000000000 	 0.092468203514 
28.000000000000 	 23.000000000000 	 0.092529488766 
28.000000000000 	 24.000000000000 	 0.092254762301 
28.000000000000 	 25.000000000000 	 0.091647989237 
28.000000000000 	 26.000000000000 	 0.090713547022 
28.000000000000 	 27.000000000000 	 0.089456231359 
28.000000000000 	 28.000000000000 	 0.087881290022 
28.000000000000 	 29.000000000000 	 0.085994480513 
28.000000000000 	 30.000000000000 	 0.083802146618 
28.000000000000 	 31.000000000000 	 0.081311308142 
28.000000000000 	 32.000000000000 	 0.078529757676 
28.000000000000 	 33.000000000000 	 0.075466158008 
28.000000000000 	 34.000000000000 	 0.072130133921 
28.000000000000 	 35.000000000000 	 0.068532352432 
28.000000000000 	 36.000000000000 	 0.064684586106 
28.000000000000 	 37.000000000000 	 0.060599754935 
28.000000000000 	 38.000000000000 	 0.056291943197 
28.000000000000 	 39.000000000000 	 0.051776388876 

29.000000000000 	 1.000000000000 	 0.015547429636 
29.000000000000 	 2.000000000000 	 0.021296497556 
29.000000000000 	 3.000000000000 	 0.026934807998 
29.000000000000 	 4.000000000000 	 0.032434058952 
29.000000000000 	 5.000000000000 	 0.037767472864 
29.000000000000 	 6.000000000000 	 0.042910044270 
29.000000000000 	 7.000000000000 	 0.047838742357 
29.000000000000 	 8.000000000000 	 0.052532664598 
29.000000000000 	 9.000000000000 	 0.056973139361 
29.000000000000 	 10.000000000000 	 0.061143777221 
29.000000000000 	 11.000000000000 	 0.065030472496 
29.000000000000 	 12.000000000000 	 0.068621358206 
29.000000000000 	 13.000000000000 	 0.071906719149 
29.000000000000 	 14.000000000000 	 0.074878869101 
29.000000000000 	 15.000000000000 	 0.077531999135 
29.000000000000 	 16.000000000000 	 0.079862004768 
29.000000000000 	 17.000000000000 	 0.081866300023 
29.000000000000 	 18.000000000000 	 0.083543626540 
29.000000000000 	 19.000000000000 	 0.084893865606 
29.000000000000 	 20.000000000000 	 0.085917860380 
29.000000000000 	 21.000000000000 	 0.086617254774 
29.000000000000 	 22.000000000000 	 0.086994354367 
29.000000000000 	 23.000000000000 	 0.087052013498 
29.000000000000 	 24.000000000000 	 0.086793551336 
29.000000000000 	 25.000000000000 	 0.086222698281 
29.000000000000 	 26.000000000000 	 0.085343572671 
29.000000000000 	 27.000000000000 	 0.084160686360 
29.000000000000 	 28.000000000000 	 0.082678976525 
29.000000000000 	 29.000000000000 	 0.080903859908 
29.000000000000 	 30.000000000000 	 0.078841304840 
29.000000000000 	 31.000000000000 	 0.076497915656 
29.000000000000 	 32.000000000000 	 0.073881023730 
29.000000000000 	 33.000000000000 	 0.070998779118 
29.000000000000 	 34.000000000000 	 0.067860236921 
29.000000000000 	 35.000000000000 	 0.064475432759 
29.000000000000 	 36.000000000000 	 0.060855442353 
29.000000000000 	 37.000000000000 	 0.057012420904 
29.000000000000 	 38.000000000000 	 0.052959618967 
29.000000000000 	 39.000000000000 	 0.048711372486 

30.000000000000 	 1.000000000000 	 0.014479021471 
30.000000000000 	 2.000000000000 	 0.019833017893 
30.000000000000 	 3.000000000000 	 0.025083868423 
30.000000000000 	 4.000000000000 	 0.030205216030 
30.000000000000 	 5.000000000000 	 0.035172123360 
30.000000000000 	 6.000000000000 	 0.039961303348 
30.000000000000 	 7.000000000000 	 0.044551307861 
30.000000000000 	 8.000000000000 	 0.048922670771 
30.000000000000 	 9.000000000000 	 0.053058003512 
30.000000000000 	 10.000000000000 	 0.056942042871 
30.000000000000 	 11.000000000000 	 0.060561652422 
30.000000000000 	 12.000000000000 	 0.063905780576 
30.000000000000 	 13.000000000000 	 0.066965379642 
30.000000000000 	 14.000000000000 	 0.069733291463 
30.000000000000 	 15.000000000000 	 0.072204106170 
30.000000000000 	 16.000000000000 	 0.074374001204 
30.000000000000 	 17.000000000000 	 0.076240568169 
30.000000000000 	 18.000000000000 	 0.077802635059 
30.000000000000 	 19.000000000000 	 0.079060091210 
30.000000000000 	 20.000000000000 	 0.080013721747 
30.000000000000 	 21.000000000000 	 0.080665057539 
30.000000000000 	 22.000000000000 	 0.081016245668 
30.000000000000 	 23.000000000000 	 0.081069944295 
30.000000000000 	 24.000000000000 	 0.080829244481 
30.000000000000 	 25.000000000000 	 0.080297620285 
30.000000000000 	 26.000000000000 	 0.079478907061 
30.000000000000 	 27.000000000000 	 0.078377306658 
30.000000000000 	 28.000000000000 	 0.076997417032 
30.000000000000 	 29.000000000000 	 0.075344282765 
30.000000000000 	 30.000000000000 	 0.073423462127 
30.000000000000 	 31.000000000000 	 0.071241105696 
30.000000000000 	 32.000000000000 	 0.068804041126 
30.000000000000 	 33.000000000000 	 0.066119858493 
30.000000000000 	 34.000000000000 	 0.063196990718 
30.000000000000 	 35.000000000000 	 0.060044783854 
30.000000000000 	 36.000000000000 	 0.056673552567 
30.000000000000 	 37.000000000000 	 0.053094616812 
30.000000000000 	 38.000000000000 	 0.049320316607 
30.000000000000 	 39.000000000000 	 0.045364002763 

31.000000000000 	 1.000000000000 	 0.013323288170 
31.000000000000 	 2.000000000000 	 0.018249922300 
31.000000000000 	 3.000000000000 	 0.023081644154 
31.000000000000 	 4.000000000000 	 0.027794200632 
31.000000000000 	 5.000000000000 	 0.032364644971 
31.000000000000 	 6.000000000000 	 0.036771548949 
31.000000000000 	 7.000000000000 	 0.040995176464 
31.000000000000 	 8.000000000000 	 0.045017615191 
31.000000000000 	 9.000000000000 	 0.048822864511 
31.000000000000 	 10.000000000000 	 0.052396879486 
31.000000000000 	 11.000000000000 	 0.055727572180 
31.000000000000 	 12.000000000000 	 0.058804773067 
31.000000000000 	 13.000000000000 	 0.061620156546 
31.000000000000 	 14.000000000000 	 0.064167135721 
31.000000000000 	 15.000000000000 	 0.066440732423 
31.000000000000 	 16.000000000000 	 0.068437429094 
31.000000000000 	 17.000000000000 	 0.070155009459 
31.000000000000 	 18.000000000000 	 0.071592394952 
31.000000000000 	 19.000000000000 	 0.072749483641 
31.000000000000 	 20.000000000000 	 0.073626997894 
31.000000000000 	 21.000000000000 	 0.074226346314 
31.000000000000 	 22.000000000000 	 0.074549504550 
31.000000000000 	 23.000000000000 	 0.074598918550 
31.000000000000 	 24.000000000000 	 0.074377432632 
31.000000000000 	 25.000000000000 	 0.073888243559 
31.000000000000 	 26.000000000000 	 0.073134880567 
31.000000000000 	 27.000000000000 	 0.072121210150 
31.000000000000 	 28.000000000000 	 0.070851463306 
31.000000000000 	 29.000000000000 	 0.069330282019 
31.000000000000 	 30.000000000000 	 0.067562780966 
31.000000000000 	 31.000000000000 	 0.065554619861 
31.000000000000 	 32.000000000000 	 0.063312081446 
31.000000000000 	 33.000000000000 	 0.060842150029 
31.000000000000 	 34.000000000000 	 0.058152585481 
31.000000000000 	 35.000000000000 	 0.055251987909 
31.000000000000 	 36.000000000000 	 0.052149848705 
31.000000000000 	 37.000000000000 	 0.048856584299 
31.000000000000 	 38.000000000000 	 0.045383549745 
31.000000000000 	 39.000000000000 	 0.041743030196 

32.000000000000 	 1.000000000000 	 0.012083987327 
32.000000000000 	 2.000000000000 	 0.016552357827 
32.000000000000 	 3.000000000000 	 0.020934644910 
32.000000000000 	 4.000000000000 	 0.025208851513 
32.000000000000 	 5.000000000000 	 0.029354165384 
32.000000000000 	 6.000000000000 	 0.033351151535 
32.000000000000 	 7.000000000000 	 0.037181909687 
32.000000000000 	 8.000000000000 	 0.040830193670 
32.000000000000 	 9.000000000000 	 0.044281491178 
32.000000000000 	 10.000000000000 	 0.047523063650 
32.000000000000 	 11.000000000000 	 0.050543947478 
32.000000000000 	 12.000000000000 	 0.053334918998 
32.000000000000 	 13.000000000000 	 0.055888426944 
32.000000000000 	 14.000000000000 	 0.058198497016 
32.000000000000 	 15.000000000000 	 0.060260613992 
32.000000000000 	 16.000000000000 	 0.062071587403 
32.000000000000 	 17.000000000000 	 0.063629407019 
32.000000000000 	 18.000000000000 	 0.064933094501 
32.000000000000 	 19.000000000000 	 0.065982557307 
32.000000000000 	 20.000000000000 	 0.066778450535 
32.000000000000 	 21.000000000000 	 0.067322051701 
32.000000000000 	 22.000000000000 	 0.067615152636 
32.000000000000 	 23.000000000000 	 0.067659971745 
32.000000000000 	 24.000000000000 	 0.067459088762 
32.000000000000 	 25.000000000000 	 0.067015403101 
32.000000000000 	 26.000000000000 	 0.066332115739 
32.000000000000 	 27.000000000000 	 0.065412733556 
32.000000000000 	 28.000000000000 	 0.064261094042 
32.000000000000 	 29.000000000000 	 0.062881407456 
32.000000000000 	 30.000000000000 	 0.061278312787 
32.000000000000 	 31.000000000000 	 0.059456943366 
32.000000000000 	 32.000000000000 	 0.057422997606 
32.000000000000 	 33.000000000000 	 0.055182810220 
32.000000000000 	 34.000000000000 	 0.052743419342 
32.000000000000 	 35.000000000000 	 0.050112625178 
32.000000000000 	 36.000000000000 	 0.047299036305 
32.000000000000 	 37.000000000000 	 0.044312100280 
32.000000000000 	 38.000000000000 	 0.041162115969 
32.000000000000 	 39.000000000000 	 0.037860225801 

33.000000000000 	 1.000000000000 	 0.010765995677 
33.000000000000 	 2.000000000000 	 0.014747004497 
33.000000000000 	 3.000000000000 	 0.018651319247 
33.000000000000 	 4.000000000000 	 0.022459342130 
33.000000000000 	 5.000000000000 	 0.026152530915 
33.000000000000 	 6.000000000000 	 0.029713570406 
33.000000000000 	 7.000000000000 	 0.033126512706 
33.000000000000 	 8.000000000000 	 0.036376883598 
33.000000000000 	 9.000000000000 	 0.039451753596 
33.000000000000 	 10.000000000000 	 0.042339773488 
33.000000000000 	 11.000000000000 	 0.045031175400 
33.000000000000 	 12.000000000000 	 0.047517741618 
33.000000000000 	 13.000000000000 	 0.049792744408 
33.000000000000 	 14.000000000000 	 0.051850860993 
33.000000000000 	 15.000000000000 	 0.053688068533 
33.000000000000 	 16.000000000000 	 0.055301524447 
33.000000000000 	 17.000000000000 	 0.056689437671 
33.000000000000 	 18.000000000000 	 0.057850936485 
33.000000000000 	 19.000000000000 	 0.058785938366 
33.000000000000 	 20.000000000000 	 0.059495026895 
33.000000000000 	 21.000000000000 	 0.059979340195 
33.000000000000 	 22.000000000000 	 0.060240474626 
33.000000000000 	 23.000000000000 	 0.060280406607 
33.000000000000 	 24.000000000000 	 0.060101434494 
33.000000000000 	 25.000000000000 	 0.059706141469 
33.000000000000 	 26.000000000000 	 0.059097379400 
33.000000000000 	 27.000000000000 	 0.058278272707 
33.000000000000 	 28.000000000000 	 0.057252240370 
33.000000000000 	 29.000000000000 	 0.056023033490 
33.000000000000 	 30.000000000000 	 0.054594785141 
33.000000000000 	 31.000000000000 	 0.052972068829 
33.000000000000 	 32.000000000000 	 0.051159961504 
33.000000000000 	 33.000000000000 	 0.049164107022 
33.000000000000 	 34.000000000000 	 0.046990775928 
33.000000000000 	 35.000000000000 	 0.044646917716 
33.000000000000 	 36.000000000000 	 0.042140202076 
33.000000000000 	 37.000000000000 	 0.039479046164 
33.000000000000 	 38.000000000000 	 0.036672625576 
33.000000000000 	 39.000000000000 	 0.033730867463 

34.000000000000 	 1.000000000000 	 0.009375411206 
34.000000000000 	 2.000000000000 	 0.012842215181 
34.000000000000 	 3.000000000000 	 0.016242231472 
34.000000000000 	 4.000000000000 	 0.019558393672 
34.000000000000 	 5.000000000000 	 0.022774554585 
34.000000000000 	 6.000000000000 	 0.025875635548 
34.000000000000 	 7.000000000000 	 0.028847748577 
34.000000000000 	 8.000000000000 	 0.031678289005 
34.000000000000 	 9.000000000000 	 0.034355997357 
34.000000000000 	 10.000000000000 	 0.036870990304 
34.000000000000 	 11.000000000000 	 0.039214761589 
34.000000000000 	 12.000000000000 	 0.041380154879 
34.000000000000 	 13.000000000000 	 0.043361311360 
34.000000000000 	 14.000000000000 	 0.045153595698 
34.000000000000 	 15.000000000000 	 0.046753504589 
34.000000000000 	 16.000000000000 	 0.048158562537 
34.000000000000 	 17.000000000000 	 0.049367209745 
34.000000000000 	 18.000000000000 	 0.050378687023 
34.000000000000 	 19.000000000000 	 0.051192922443 
34.000000000000 	 20.000000000000 	 0.051810424156 
34.000000000000 	 21.000000000000 	 0.052232183235 
34.000000000000 	 22.000000000000 	 0.052459589818 
34.000000000000 	 23.000000000000 	 0.052494365019 
34.000000000000 	 24.000000000000 	 0.052338510320 
34.000000000000 	 25.000000000000 	 0.051994275254 
34.000000000000 	 26.000000000000 	 0.051464143344 
34.000000000000 	 27.000000000000 	 0.050750835471 
34.000000000000 	 28.000000000000 	 0.049857329039 
34.000000000000 	 29.000000000000 	 0.048786890681 
34.000000000000 	 30.000000000000 	 0.047543119672 
34.000000000000 	 31.000000000000 	 0.046129998831 
34.000000000000 	 32.000000000000 	 0.044551949399 
34.000000000000 	 33.000000000000 	 0.042813886295 
34.000000000000 	 34.000000000000 	 0.040921270176 
34.000000000000 	 35.000000000000 	 0.038880152952 
34.000000000000 	 36.000000000000 	 0.036697213697 
34.000000000000 	 37.000000000000 	 0.034379782395 
34.000000000000 	 38.000000000000 	 0.031935849502 
34.000000000000 	 39.000000000000 	 0.029374059944 

35.000000000000 	 1.000000000000 	 0.007919594831 
35.000000000000 	 2.000000000000 	 0.010848072685 
35.000000000000 	 3.000000000000 	 0.013720133842 
35.000000000000 	 4.000000000000 	 0.016521362009 
35.000000000000 	 5.000000000000 	 0.019238117359 
35.000000000000 	 6.000000000000 	 0.021857662666 
35.000000000000 	 7.000000000000 	 0.024368266483 
35.000000000000 	 8.000000000000 	 0.026759281396 
35.000000000000 	 9.000000000000 	 0.029021196291 
35.000000000000 	 10.000000000000 	 0.031145662498 
35.000000000000 	 11.000000000000 	 0.033125494581 
35.000000000000 	 12.000000000000 	 0.034954647402 
35.000000000000 	 13.000000000000 	 0.036628171857 
35.000000000000 	 14.000000000000 	 0.038142152335 
35.000000000000 	 15.000000000000 	 0.039493629469 
35.000000000000 	 16.000000000000 	 0.040680512103 
35.000000000000 	 17.000000000000 	 0.041701482591 
35.000000000000 	 18.000000000000 	 0.042555899577 
35.000000000000 	 19.000000000000 	 0.043243702257 
35.000000000000 	 20.000000000000 	 0.043765319834 
35.000000000000 	 21.000000000000 	 0.044121589458 
35.000000000000 	 22.000000000000 	 0.044313685378 
35.000000000000 	 23.000000000000 	 0.044343061441 
35.000000000000 	 24.000000000000 	 0.044211408332 
35.000000000000 	 25.000000000000 	 0.043920626278 
35.000000000000 	 26.000000000000 	 0.043472813174 
35.000000000000 	 27.000000000000 	 0.042870267419 
35.000000000000 	 28.000000000000 	 0.042115504112 
35.000000000000 	 29.000000000000 	 0.041211282674 
35.000000000000 	 30.000000000000 	 0.040160643518 
35.000000000000 	 31.000000000000 	 0.038966951048 
35.000000000000 	 32.000000000000 	 0.037633940011 
35.000000000000 	 33.000000000000 	 0.036165762173 
35.000000000000 	 34.000000000000 	 0.034567030295 
35.000000000000 	 35.000000000000 	 0.032842856574 
35.000000000000 	 36.000000000000 	 0.030998882984 
35.000000000000 	 37.000000000000 	 0.029041301327 
35.000000000000 	 38.000000000000 	 0.026976861314 
35.000000000000 	 39.000000000000 	 0.024812865494 

36.000000000000 	 1.000000000000 	 0.006407147848 
36.000000000000 	 2.000000000000 	 0.008776358863 
36.000000000000 	 3.000000000000 	 0.011099927500 
36.000000000000 	 4.000000000000 	 0.013366190647 
36.000000000000 	 5.000000000000 	 0.015564113366 
36.000000000000 	 6.000000000000 	 0.017683390940 
36.000000000000 	 7.000000000000 	 0.019714532343 
36.000000000000 	 8.000000000000 	 0.021648923552 
36.000000000000 	 9.000000000000 	 0.023478869831 
36.000000000000 	 10.000000000000 	 0.025197616883 
36.000000000000 	 11.000000000000 	 0.026799351489 
36.000000000000 	 12.000000000000 	 0.028279182954 
36.000000000000 	 13.000000000000 	 0.029633107296 
36.000000000000 	 14.000000000000 	 0.030857956652 
36.000000000000 	 15.000000000000 	 0.031951336784 
36.000000000000 	 16.000000000000 	 0.032911555855 
36.000000000000 	 17.000000000000 	 0.033737547820 
36.000000000000 	 18.000000000000 	 0.034428793769 
36.000000000000 	 19.000000000000 	 0.034985244478 
36.000000000000 	 20.000000000000 	 0.035407247157 
36.000000000000 	 21.000000000000 	 0.035695479055 
36.000000000000 	 22.000000000000 	 0.035850890156 
36.000000000000 	 23.000000000000 	 0.035874656644 
36.000000000000 	 24.000000000000 	 0.035768146324 
36.000000000000 	 25.000000000000 	 0.035532896527 
36.000000000000 	 26.000000000000 	 0.035170604511 
36.000000000000 	 27.000000000000 	 0.034683129751 
36.000000000000 	 28.000000000000 	 0.034072507042 
36.000000000000 	 29.000000000000 	 0.033340968845 
36.000000000000 	 30.000000000000 	 0.032490974955 
36.000000000000 	 31.000000000000 	 0.031525247283 
36.000000000000 	 32.000000000000 	 0.030446807357 
36.000000000000 	 33.000000000000 	 0.029259014085 
36.000000000000 	 34.000000000000 	 0.027965599328 
36.000000000000 	 35.000000000000 	 0.026570699003 
36.000000000000 	 36.000000000000 	 0.025078877622 
36.000000000000 	 37.000000000000 	 0.023495144522 
36.000000000000 	 38.000000000000 	 0.021824960398 
36.000000000000 	 39.000000000000 	 0.020074233195 

37.000000000000 	 1.000000000000 	 0.004847825142 
37.000000000000 	 2.000000000000 	 0.006640435732 
37.000000000000 	 3.000000000000 	 0.008398512113 
37.000000000000 	 4.000000000000 	 0.010113229666 
37.000000000000 	 5.000000000000 	 0.011776239064 
37.000000000000 	 6.000000000000 	 0.013379743483 
37.000000000000 	 7.000000000000 	 0.014916561752 
37.000000000000 	 8.000000000000 	 0.016380176262 
37.000000000000 	 9.000000000000 	 0.017764764957 
37.000000000000 	 10.000000000000 	 0.019065217339 
37.000000000000 	 11.000000000000 	 0.020277134951 
37.000000000000 	 12.000000000000 	 0.021396817340 
37.000000000000 	 13.000000000000 	 0.022421234962 
37.000000000000 	 14.000000000000 	 0.023347990904 
37.000000000000 	 15.000000000000 	 0.024175273594 
37.000000000000 	 16.000000000000 	 0.024901802918 
37.000000000000 	 17.000000000000 	 0.025526772252 
37.000000000000 	 18.000000000000 	 0.026049788956 
37.000000000000 	 19.000000000000 	 0.026470815764 
37.000000000000 	 20.000000000000 	 0.026790115368 
37.000000000000 	 21.000000000000 	 0.027008200181 
37.000000000000 	 22.000000000000 	 0.027125788974 
37.000000000000 	 23.000000000000 	 0.027143771677 
37.000000000000 	 24.000000000000 	 0.027063183205 
37.000000000000 	 25.000000000000 	 0.026885186748 
37.000000000000 	 26.000000000000 	 0.026611066502 
37.000000000000 	 27.000000000000 	 0.026242229407 
37.000000000000 	 28.000000000000 	 0.025780215054 
37.000000000000 	 29.000000000000 	 0.025226712600 
37.000000000000 	 30.000000000000 	 0.024583583207 
37.000000000000 	 31.000000000000 	 0.023852886364 
37.000000000000 	 32.000000000000 	 0.023036908260 
37.000000000000 	 33.000000000000 	 0.022138190351 
37.000000000000 	 34.000000000000 	 0.021159556284 
37.000000000000 	 35.000000000000 	 0.020104135418 
37.000000000000 	 36.000000000000 	 0.018975381402 
37.000000000000 	 37.000000000000 	 0.017777084448 
37.000000000000 	 38.000000000000 	 0.016513376273 
37.000000000000 	 39.000000000000 	 0.015188726998 

38.000000000000 	 1.000000000000 	 0.003252387898 
38.000000000000 	 2.000000000000 	 0.004455043718 
38.000000000000 	 3.000000000000 	 0.005634530701 
38.000000000000 	 4.000000000000 	 0.006784928453 
38.000000000000 	 5.000000000000 	 0.007900635446 
38.000000000000 	 6.000000000000 	 0.008976420823 
38.000000000000 	 7.000000000000 	 0.010007466765 
38.000000000000 	 8.000000000000 	 0.010989400632 
38.000000000000 	 9.000000000000 	 0.011918316424 
38.000000000000 	 10.000000000000 	 0.012790785523 
38.000000000000 	 11.000000000000 	 0.013603857013 
38.000000000000 	 12.000000000000 	 0.014355048266 
38.000000000000 	 13.000000000000 	 0.015042326761 
38.000000000000 	 14.000000000000 	 0.015664084407 
38.000000000000 	 15.000000000000 	 0.016219105816 
38.000000000000 	 16.000000000000 	 0.016706532152 
38.000000000000 	 17.000000000000 	 0.017125822243 
38.000000000000 	 18.000000000000 	 0.017476712658 
38.000000000000 	 19.000000000000 	 0.017759178385 
38.000000000000 	 20.000000000000 	 0.017973395655 
38.000000000000 	 21.000000000000 	 0.018119708237 
38.000000000000 	 22.000000000000 	 0.018198598348 
38.000000000000 	 23.000000000000 	 0.018210663034 
38.000000000000 	 24.000000000000 	 0.018156596616 
38.000000000000 	 25.000000000000 	 0.018037179474 
38.000000000000 	 26.000000000000 	 0.017853273172 
38.000000000000 	 27.000000000000 	 0.017605821625 
38.000000000000 	 28.000000000000 	 0.017295857747 
38.000000000000 	 29.000000000000 	 0.016924514789 
38.000000000000 	 30.000000000000 	 0.016493041409 
38.000000000000 	 31.000000000000 	 0.016002819316 
38.000000000000 	 32.000000000000 	 0.015455382315 
38.000000000000 	 33.000000000000 	 0.014852435466 
38.000000000000 	 34.000000000000 	 0.014195873150 
38.000000000000 	 35.000000000000 	 0.013487794851 
38.000000000000 	 36.000000000000 	 0.012730517613 
38.000000000000 	 37.000000000000 	 0.011926584279 
38.000000000000 	 38.000000000000 	 0.011078766808 
38.000000000000 	 39.000000000000 	 0.010190064188 

39.000000000000 	 1.000000000000 	 0.001632403074 
39.000000000000 	 2.000000000000 	 0.002236026979 
39.000000000000 	 3.000000000000 	 0.002828022246 
39.000000000000 	 4.000000000000 	 0.003405417376 
39.000000000000 	 5.000000000000 	 0.003965400914 
39.000000000000 	 6.000000000000 	 0.004505347447 
39.000000000000 	 7.000000000000 	 0.005022838867 
39.000000000000 	 8.000000000000 	 0.005515680507 
39.000000000000 	 9.000000000000 	 0.005981911909 
39.000000000000 	 10.000000000000 	 0.006419812216 
39.000000000000 	 11.000000000000 	 0.006827900335 
39.000000000000 	 12.000000000000 	 0.007204930209 
39.000000000000 	 13.000000000000 	 0.007549881695 
39.000000000000 	 14.000000000000 	 0.007861947674 
39.000000000000 	 15.000000000000 	 0.008140518128 
39.000000000000 	 16.000000000000 	 0.008385161996 
39.000000000000 	 17.000000000000 	 0.008595607656 
39.000000000000 	 18.000000000000 	 0.008771722884 
39.000000000000 	 19.000000000000 	 0.008913495126 
39.000000000000 	 20.000000000000 	 0.009021012830 
39.000000000000 	 21.000000000000 	 0.009094448535 
39.000000000000 	 22.000000000000 	 0.009134044268 
39.000000000000 	 23.000000000000 	 0.009140099692 
39.000000000000 	 24.000000000000 	 0.009112963292 
39.000000000000 	 25.000000000000 	 0.009053026748 
39.000000000000 	 26.000000000000 	 0.008960722488 
39.000000000000 	 27.000000000000 	 0.008836524273 
39.000000000000 	 28.000000000000 	 0.008680950532 
39.000000000000 	 29.000000000000 	 0.008494570058 
39.000000000000 	 30.000000000000 	 0.008278009564 
39.000000000000 	 31.000000000000 	 0.008031962547 
39.000000000000 	 32.000000000000 	 0.007757198838 
39.000000000000 	 33.000000000000 	 0.007454574225 
39.000000000000 	 34.000000000000 	 0.007125039519 
39.000000000000 	 35.000000000000 	 0.006769648469 
39.000000000000 	 36.000000000000 	 0.006389564025 
39.000000000000 	 37.000000000000 	 0.005986062463 
39.000000000000 	 38.000000000000 	 0.005560535055 
39.000000000000 	 39.000000000000 	 0.005114487022 

