1.000000000000 	 1.000000000000 	 0.000000185201 
1.000000000000 	 2.000000000000 	 0.000000253934 
1.000000000000 	 3.000000000000 	 0.000000321682 
1.000000000000 	 4.000000000000 	 0.000000388184 
1.000000000000 	 5.000000000000 	 0.000000453181 
1.000000000000 	 6.000000000000 	 0.000000516423 
1.000000000000 	 7.000000000000 	 0.000000577662 
1.000000000000 	 8.000000000000 	 0.000000636663 
1.000000000000 	 9.000000000000 	 0.000000693197 
1.000000000000 	 10.000000000000 	 0.000000747044 
1.000000000000 	 11.000000000000 	 0.000000797996 
1.000000000000 	 12.000000000000 	 0.000000845855 
1.000000000000 	 13.000000000000 	 0.000000890436 
1.000000000000 	 14.000000000000 	 0.000000931566 
1.000000000000 	 15.000000000000 	 0.000000969086 
1.000000000000 	 16.000000000000 	 0.000001002850 
1.000000000000 	 17.000000000000 	 0.000001032727 
1.000000000000 	 18.000000000000 	 0.000001058603 
1.000000000000 	 19.000000000000 	 0.000001080375 
1.000000000000 	 20.000000000000 	 0.000001097961 
1.000000000000 	 21.000000000000 	 0.000001111291 
1.000000000000 	 22.000000000000 	 0.000001120315 
1.000000000000 	 23.000000000000 	 0.000001124996 
1.000000000000 	 24.000000000000 	 0.000001125318 
1.000000000000 	 25.000000000000 	 0.000001121279 
1.000000000000 	 26.000000000000 	 0.000001112894 
1.000000000000 	 27.000000000000 	 0.000001100196 
1.000000000000 	 28.000000000000 	 0.000001083234 
1.000000000000 	 29.000000000000 	 0.000001062074 
1.000000000000 	 30.000000000000 	 0.000001036798 
1.000000000000 	 31.000000000000 	 0.000001007504 
1.000000000000 	 32.000000000000 	 0.000000974305 
1.000000000000 	 33.000000000000 	 0.000000937331 
1.000000000000 	 34.000000000000 	 0.000000896723 
1.000000000000 	 35.000000000000 	 0.000000852641 
1.000000000000 	 36.000000000000 	 0.000000805254 
1.000000000000 	 37.000000000000 	 0.000000754746 
1.000000000000 	 38.000000000000 	 0.000000701313 
1.000000000000 	 39.000000000000 	 0.000000645162 

2.000000000000 	 1.000000000000 	 0.000000369260 
2.000000000000 	 2.000000000000 	 0.000000506302 
2.000000000000 	 3.000000000000 	 0.000000641381 
2.000000000000 	 4.000000000000 	 0.000000773975 
2.000000000000 	 5.000000000000 	 0.000000903569 
2.000000000000 	 6.000000000000 	 0.000001029661 
2.000000000000 	 7.000000000000 	 0.000001151763 
2.000000000000 	 8.000000000000 	 0.000001269401 
2.000000000000 	 9.000000000000 	 0.000001382120 
2.000000000000 	 10.000000000000 	 0.000001489482 
2.000000000000 	 11.000000000000 	 0.000001591071 
2.000000000000 	 12.000000000000 	 0.000001686495 
2.000000000000 	 13.000000000000 	 0.000001775382 
2.000000000000 	 14.000000000000 	 0.000001857389 
2.000000000000 	 15.000000000000 	 0.000001932197 
2.000000000000 	 16.000000000000 	 0.000001999517 
2.000000000000 	 17.000000000000 	 0.000002059088 
2.000000000000 	 18.000000000000 	 0.000002110679 
2.000000000000 	 19.000000000000 	 0.000002154090 
2.000000000000 	 20.000000000000 	 0.000002189152 
2.000000000000 	 21.000000000000 	 0.000002215731 
2.000000000000 	 22.000000000000 	 0.000002233722 
2.000000000000 	 23.000000000000 	 0.000002243057 
2.000000000000 	 24.000000000000 	 0.000002243698 
2.000000000000 	 25.000000000000 	 0.000002235645 
2.000000000000 	 26.000000000000 	 0.000002218926 
2.000000000000 	 27.000000000000 	 0.000002193609 
2.000000000000 	 28.000000000000 	 0.000002159789 
2.000000000000 	 29.000000000000 	 0.000002117600 
2.000000000000 	 30.000000000000 	 0.000002067204 
2.000000000000 	 31.000000000000 	 0.000002008796 
2.000000000000 	 32.000000000000 	 0.000001942603 
2.000000000000 	 33.000000000000 	 0.000001868882 
2.000000000000 	 34.000000000000 	 0.000001787918 
2.000000000000 	 35.000000000000 	 0.000001700024 
2.000000000000 	 36.000000000000 	 0.000001605542 
2.000000000000 	 37.000000000000 	 0.000001504838 
2.000000000000 	 38.000000000000 	 0.000001398302 
2.000000000000 	 39.000000000000 	 0.000001286347 

3.000000000000 	 1.000000000000 	 0.000000551043 
3.000000000000 	 2.000000000000 	 0.000000755548 
3.000000000000 	 3.000000000000 	 0.000000957126 
3.000000000000 	 4.000000000000 	 0.000001154994 
3.000000000000 	 5.000000000000 	 0.000001348386 
3.000000000000 	 6.000000000000 	 0.000001536552 
3.000000000000 	 7.000000000000 	 0.000001718763 
3.000000000000 	 8.000000000000 	 0.000001894313 
3.000000000000 	 9.000000000000 	 0.000002062521 
3.000000000000 	 10.000000000000 	 0.000002222737 
3.000000000000 	 11.000000000000 	 0.000002374337 
3.000000000000 	 12.000000000000 	 0.000002516737 
3.000000000000 	 13.000000000000 	 0.000002649382 
3.000000000000 	 14.000000000000 	 0.000002771760 
3.000000000000 	 15.000000000000 	 0.000002883395 
3.000000000000 	 16.000000000000 	 0.000002983856 
3.000000000000 	 17.000000000000 	 0.000003072753 
3.000000000000 	 18.000000000000 	 0.000003149742 
3.000000000000 	 19.000000000000 	 0.000003214523 
3.000000000000 	 20.000000000000 	 0.000003266847 
3.000000000000 	 21.000000000000 	 0.000003306510 
3.000000000000 	 22.000000000000 	 0.000003333358 
3.000000000000 	 23.000000000000 	 0.000003347288 
3.000000000000 	 24.000000000000 	 0.000003348245 
3.000000000000 	 25.000000000000 	 0.000003336227 
3.000000000000 	 26.000000000000 	 0.000003311278 
3.000000000000 	 27.000000000000 	 0.000003273497 
3.000000000000 	 28.000000000000 	 0.000003223029 
3.000000000000 	 29.000000000000 	 0.000003160070 
3.000000000000 	 30.000000000000 	 0.000003084865 
3.000000000000 	 31.000000000000 	 0.000002997704 
3.000000000000 	 32.000000000000 	 0.000002898925 
3.000000000000 	 33.000000000000 	 0.000002788911 
3.000000000000 	 34.000000000000 	 0.000002668089 
3.000000000000 	 35.000000000000 	 0.000002536927 
3.000000000000 	 36.000000000000 	 0.000002395933 
3.000000000000 	 37.000000000000 	 0.000002245653 
3.000000000000 	 38.000000000000 	 0.000002086670 
3.000000000000 	 39.000000000000 	 0.000001919600 

4.000000000000 	 1.000000000000 	 0.000000729428 
4.000000000000 	 2.000000000000 	 0.000001000137 
4.000000000000 	 3.000000000000 	 0.000001266969 
4.000000000000 	 4.000000000000 	 0.000001528892 
4.000000000000 	 5.000000000000 	 0.000001784889 
4.000000000000 	 6.000000000000 	 0.000002033969 
4.000000000000 	 7.000000000000 	 0.000002275166 
4.000000000000 	 8.000000000000 	 0.000002507545 
4.000000000000 	 9.000000000000 	 0.000002730207 
4.000000000000 	 10.000000000000 	 0.000002942287 
4.000000000000 	 11.000000000000 	 0.000003142965 
4.000000000000 	 12.000000000000 	 0.000003331462 
4.000000000000 	 13.000000000000 	 0.000003507048 
4.000000000000 	 14.000000000000 	 0.000003669042 
4.000000000000 	 15.000000000000 	 0.000003816817 
4.000000000000 	 16.000000000000 	 0.000003949799 
4.000000000000 	 17.000000000000 	 0.000004067474 
4.000000000000 	 18.000000000000 	 0.000004169386 
4.000000000000 	 19.000000000000 	 0.000004255138 
4.000000000000 	 20.000000000000 	 0.000004324400 
4.000000000000 	 21.000000000000 	 0.000004376903 
4.000000000000 	 22.000000000000 	 0.000004412443 
4.000000000000 	 23.000000000000 	 0.000004430882 
4.000000000000 	 24.000000000000 	 0.000004432150 
4.000000000000 	 25.000000000000 	 0.000004416240 
4.000000000000 	 26.000000000000 	 0.000004383215 
4.000000000000 	 27.000000000000 	 0.000004333203 
4.000000000000 	 28.000000000000 	 0.000004266398 
4.000000000000 	 29.000000000000 	 0.000004183058 
4.000000000000 	 30.000000000000 	 0.000004083506 
4.000000000000 	 31.000000000000 	 0.000003968129 
4.000000000000 	 32.000000000000 	 0.000003837374 
4.000000000000 	 33.000000000000 	 0.000003691746 
4.000000000000 	 34.000000000000 	 0.000003531811 
4.000000000000 	 35.000000000000 	 0.000003358188 
4.000000000000 	 36.000000000000 	 0.000003171551 
4.000000000000 	 37.000000000000 	 0.000002972622 
4.000000000000 	 38.000000000000 	 0.000002762173 
4.000000000000 	 39.000000000000 	 0.000002541019 

5.000000000000 	 1.000000000000 	 0.000000903316 
5.000000000000 	 2.000000000000 	 0.000001238559 
5.000000000000 	 3.000000000000 	 0.000001569002 
5.000000000000 	 4.000000000000 	 0.000001893364 
5.000000000000 	 5.000000000000 	 0.000002210388 
5.000000000000 	 6.000000000000 	 0.000002518846 
5.000000000000 	 7.000000000000 	 0.000002817542 
5.000000000000 	 8.000000000000 	 0.000003105318 
5.000000000000 	 9.000000000000 	 0.000003381060 
5.000000000000 	 10.000000000000 	 0.000003643698 
5.000000000000 	 11.000000000000 	 0.000003892215 
5.000000000000 	 12.000000000000 	 0.000004125648 
5.000000000000 	 13.000000000000 	 0.000004343092 
5.000000000000 	 14.000000000000 	 0.000004543703 
5.000000000000 	 15.000000000000 	 0.000004726706 
5.000000000000 	 16.000000000000 	 0.000004891390 
5.000000000000 	 17.000000000000 	 0.000005037118 
5.000000000000 	 18.000000000000 	 0.000005163324 
5.000000000000 	 19.000000000000 	 0.000005269519 
5.000000000000 	 20.000000000000 	 0.000005355292 
5.000000000000 	 21.000000000000 	 0.000005420311 
5.000000000000 	 22.000000000000 	 0.000005464323 
5.000000000000 	 23.000000000000 	 0.000005487158 
5.000000000000 	 24.000000000000 	 0.000005488728 
5.000000000000 	 25.000000000000 	 0.000005469026 
5.000000000000 	 26.000000000000 	 0.000005428128 
5.000000000000 	 27.000000000000 	 0.000005366194 
5.000000000000 	 28.000000000000 	 0.000005283463 
5.000000000000 	 29.000000000000 	 0.000005180255 
5.000000000000 	 30.000000000000 	 0.000005056972 
5.000000000000 	 31.000000000000 	 0.000004914090 
5.000000000000 	 32.000000000000 	 0.000004752163 
5.000000000000 	 33.000000000000 	 0.000004571820 
5.000000000000 	 34.000000000000 	 0.000004373758 
5.000000000000 	 35.000000000000 	 0.000004158746 
5.000000000000 	 36.000000000000 	 0.000003927616 
5.000000000000 	 37.000000000000 	 0.000003681265 
5.000000000000 	 38.000000000000 	 0.000003420647 
5.000000000000 	 39.000000000000 	 0.000003146772 

6.000000000000 	 1.000000000000 	 0.000001071635 
6.000000000000 	 2.000000000000 	 0.000001469345 
6.000000000000 	 3.000000000000 	 0.000001861361 
6.000000000000 	 4.000000000000 	 0.000002246162 
6.000000000000 	 5.000000000000 	 0.000002622259 
6.000000000000 	 6.000000000000 	 0.000002988193 
6.000000000000 	 7.000000000000 	 0.000003342546 
6.000000000000 	 8.000000000000 	 0.000003683945 
6.000000000000 	 9.000000000000 	 0.000004011067 
6.000000000000 	 10.000000000000 	 0.000004322644 
6.000000000000 	 11.000000000000 	 0.000004617469 
6.000000000000 	 12.000000000000 	 0.000004894398 
6.000000000000 	 13.000000000000 	 0.000005152359 
6.000000000000 	 14.000000000000 	 0.000005390351 
6.000000000000 	 15.000000000000 	 0.000005607454 
6.000000000000 	 16.000000000000 	 0.000005802824 
6.000000000000 	 17.000000000000 	 0.000005975706 
6.000000000000 	 18.000000000000 	 0.000006125428 
6.000000000000 	 19.000000000000 	 0.000006251412 
6.000000000000 	 20.000000000000 	 0.000006353167 
6.000000000000 	 21.000000000000 	 0.000006430301 
6.000000000000 	 22.000000000000 	 0.000006482514 
6.000000000000 	 23.000000000000 	 0.000006509604 
6.000000000000 	 24.000000000000 	 0.000006511466 
6.000000000000 	 25.000000000000 	 0.000006488093 
6.000000000000 	 26.000000000000 	 0.000006439575 
6.000000000000 	 27.000000000000 	 0.000006366100 
6.000000000000 	 28.000000000000 	 0.000006267953 
6.000000000000 	 29.000000000000 	 0.000006145515 
6.000000000000 	 30.000000000000 	 0.000005999259 
6.000000000000 	 31.000000000000 	 0.000005829754 
6.000000000000 	 32.000000000000 	 0.000005637655 
6.000000000000 	 33.000000000000 	 0.000005423707 
6.000000000000 	 34.000000000000 	 0.000005188739 
6.000000000000 	 35.000000000000 	 0.000004933663 
6.000000000000 	 36.000000000000 	 0.000004659466 
6.000000000000 	 37.000000000000 	 0.000004367211 
6.000000000000 	 38.000000000000 	 0.000004058031 
6.000000000000 	 39.000000000000 	 0.000003733124 

7.000000000000 	 1.000000000000 	 0.000001233347 
7.000000000000 	 2.000000000000 	 0.000001691072 
7.000000000000 	 3.000000000000 	 0.000002142244 
7.000000000000 	 4.000000000000 	 0.000002585113 
7.000000000000 	 5.000000000000 	 0.000003017963 
7.000000000000 	 6.000000000000 	 0.000003439117 
7.000000000000 	 7.000000000000 	 0.000003846943 
7.000000000000 	 8.000000000000 	 0.000004239860 
7.000000000000 	 9.000000000000 	 0.000004616345 
7.000000000000 	 10.000000000000 	 0.000004974940 
7.000000000000 	 11.000000000000 	 0.000005314254 
7.000000000000 	 12.000000000000 	 0.000005632972 
7.000000000000 	 13.000000000000 	 0.000005929860 
7.000000000000 	 14.000000000000 	 0.000006203766 
7.000000000000 	 15.000000000000 	 0.000006453630 
7.000000000000 	 16.000000000000 	 0.000006678482 
7.000000000000 	 17.000000000000 	 0.000006877452 
7.000000000000 	 18.000000000000 	 0.000007049768 
7.000000000000 	 19.000000000000 	 0.000007194762 
7.000000000000 	 20.000000000000 	 0.000007311873 
7.000000000000 	 21.000000000000 	 0.000007400646 
7.000000000000 	 22.000000000000 	 0.000007460739 
7.000000000000 	 23.000000000000 	 0.000007491917 
7.000000000000 	 24.000000000000 	 0.000007494060 
7.000000000000 	 25.000000000000 	 0.000007467159 
7.000000000000 	 26.000000000000 	 0.000007411319 
7.000000000000 	 27.000000000000 	 0.000007326757 
7.000000000000 	 28.000000000000 	 0.000007213800 
7.000000000000 	 29.000000000000 	 0.000007072885 
7.000000000000 	 30.000000000000 	 0.000006904559 
7.000000000000 	 31.000000000000 	 0.000006709475 
7.000000000000 	 32.000000000000 	 0.000006488388 
7.000000000000 	 33.000000000000 	 0.000006242155 
7.000000000000 	 34.000000000000 	 0.000005971730 
7.000000000000 	 35.000000000000 	 0.000005678162 
7.000000000000 	 36.000000000000 	 0.000005362588 
7.000000000000 	 37.000000000000 	 0.000005026231 
7.000000000000 	 38.000000000000 	 0.000004670395 
7.000000000000 	 39.000000000000 	 0.000004296459 

8.000000000000 	 1.000000000000 	 0.000001387455 
8.000000000000 	 2.000000000000 	 0.000001902373 
8.000000000000 	 3.000000000000 	 0.000002409919 
8.000000000000 	 4.000000000000 	 0.000002908125 
8.000000000000 	 5.000000000000 	 0.000003395060 
8.000000000000 	 6.000000000000 	 0.000003868838 
8.000000000000 	 7.000000000000 	 0.000004327622 
8.000000000000 	 8.000000000000 	 0.000004769635 
8.000000000000 	 9.000000000000 	 0.000005193162 
8.000000000000 	 10.000000000000 	 0.000005596563 
8.000000000000 	 11.000000000000 	 0.000005978275 
8.000000000000 	 12.000000000000 	 0.000006336817 
8.000000000000 	 13.000000000000 	 0.000006670801 
8.000000000000 	 14.000000000000 	 0.000006978932 
8.000000000000 	 15.000000000000 	 0.000007260017 
8.000000000000 	 16.000000000000 	 0.000007512964 
8.000000000000 	 17.000000000000 	 0.000007736796 
8.000000000000 	 18.000000000000 	 0.000007930643 
8.000000000000 	 19.000000000000 	 0.000008093754 
8.000000000000 	 20.000000000000 	 0.000008225498 
8.000000000000 	 21.000000000000 	 0.000008325364 
8.000000000000 	 22.000000000000 	 0.000008392965 
8.000000000000 	 23.000000000000 	 0.000008428039 
8.000000000000 	 24.000000000000 	 0.000008430449 
8.000000000000 	 25.000000000000 	 0.000008400188 
8.000000000000 	 26.000000000000 	 0.000008337371 
8.000000000000 	 27.000000000000 	 0.000008242242 
8.000000000000 	 28.000000000000 	 0.000008115171 
8.000000000000 	 29.000000000000 	 0.000007956649 
8.000000000000 	 30.000000000000 	 0.000007767291 
8.000000000000 	 31.000000000000 	 0.000007547830 
8.000000000000 	 32.000000000000 	 0.000007299118 
8.000000000000 	 33.000000000000 	 0.000007022118 
8.000000000000 	 34.000000000000 	 0.000006717904 
8.000000000000 	 35.000000000000 	 0.000006387654 
8.000000000000 	 36.000000000000 	 0.000006032649 
8.000000000000 	 37.000000000000 	 0.000005654264 
8.000000000000 	 38.000000000000 	 0.000005253966 
8.000000000000 	 39.000000000000 	 0.000004833306 

9.000000000000 	 1.000000000000 	 0.000001533009 
9.000000000000 	 2.000000000000 	 0.000002101945 
9.000000000000 	 3.000000000000 	 0.000002662736 
9.000000000000 	 4.000000000000 	 0.000003213208 
9.000000000000 	 5.000000000000 	 0.000003751226 
9.000000000000 	 6.000000000000 	 0.000004274707 
9.000000000000 	 7.000000000000 	 0.000004781620 
9.000000000000 	 8.000000000000 	 0.000005270003 
9.000000000000 	 9.000000000000 	 0.000005737961 
9.000000000000 	 10.000000000000 	 0.000006183682 
9.000000000000 	 11.000000000000 	 0.000006605438 
9.000000000000 	 12.000000000000 	 0.000007001594 
9.000000000000 	 13.000000000000 	 0.000007370615 
9.000000000000 	 14.000000000000 	 0.000007711072 
9.000000000000 	 15.000000000000 	 0.000008021643 
9.000000000000 	 16.000000000000 	 0.000008301127 
9.000000000000 	 17.000000000000 	 0.000008548440 
9.000000000000 	 18.000000000000 	 0.000008762623 
9.000000000000 	 19.000000000000 	 0.000008942846 
9.000000000000 	 20.000000000000 	 0.000009088411 
9.000000000000 	 21.000000000000 	 0.000009198753 
9.000000000000 	 22.000000000000 	 0.000009273446 
9.000000000000 	 23.000000000000 	 0.000009312199 
9.000000000000 	 24.000000000000 	 0.000009314863 
9.000000000000 	 25.000000000000 	 0.000009281426 
9.000000000000 	 26.000000000000 	 0.000009212019 
9.000000000000 	 27.000000000000 	 0.000009106911 
9.000000000000 	 28.000000000000 	 0.000008966509 
9.000000000000 	 29.000000000000 	 0.000008791357 
9.000000000000 	 30.000000000000 	 0.000008582134 
9.000000000000 	 31.000000000000 	 0.000008339651 
9.000000000000 	 32.000000000000 	 0.000008064847 
9.000000000000 	 33.000000000000 	 0.000007758787 
9.000000000000 	 34.000000000000 	 0.000007422659 
9.000000000000 	 35.000000000000 	 0.000007057764 
9.000000000000 	 36.000000000000 	 0.000006665516 
9.000000000000 	 37.000000000000 	 0.000006247436 
9.000000000000 	 38.000000000000 	 0.000005805144 
9.000000000000 	 39.000000000000 	 0.000005340354 

10.000000000000 	 1.000000000000 	 0.000001669111 
10.000000000000 	 2.000000000000 	 0.000002288559 
10.000000000000 	 3.000000000000 	 0.000002899137 
10.000000000000 	 4.000000000000 	 0.000003498480 
10.000000000000 	 5.000000000000 	 0.000004084264 
10.000000000000 	 6.000000000000 	 0.000004654220 
10.000000000000 	 7.000000000000 	 0.000005206138 
10.000000000000 	 8.000000000000 	 0.000005737880 
10.000000000000 	 9.000000000000 	 0.000006247384 
10.000000000000 	 10.000000000000 	 0.000006732676 
10.000000000000 	 11.000000000000 	 0.000007191876 
10.000000000000 	 12.000000000000 	 0.000007623203 
10.000000000000 	 13.000000000000 	 0.000008024987 
10.000000000000 	 14.000000000000 	 0.000008395669 
10.000000000000 	 15.000000000000 	 0.000008733814 
10.000000000000 	 16.000000000000 	 0.000009038111 
10.000000000000 	 17.000000000000 	 0.000009307380 
10.000000000000 	 18.000000000000 	 0.000009540578 
10.000000000000 	 19.000000000000 	 0.000009736802 
10.000000000000 	 20.000000000000 	 0.000009895290 
10.000000000000 	 21.000000000000 	 0.000010015429 
10.000000000000 	 22.000000000000 	 0.000010096753 
10.000000000000 	 23.000000000000 	 0.000010138947 
10.000000000000 	 24.000000000000 	 0.000010141847 
10.000000000000 	 25.000000000000 	 0.000010105442 
10.000000000000 	 26.000000000000 	 0.000010029873 
10.000000000000 	 27.000000000000 	 0.000009915433 
10.000000000000 	 28.000000000000 	 0.000009762566 
10.000000000000 	 29.000000000000 	 0.000009571864 
10.000000000000 	 30.000000000000 	 0.000009344065 
10.000000000000 	 31.000000000000 	 0.000009080054 
10.000000000000 	 32.000000000000 	 0.000008780853 
10.000000000000 	 33.000000000000 	 0.000008447621 
10.000000000000 	 34.000000000000 	 0.000008081651 
10.000000000000 	 35.000000000000 	 0.000007684360 
10.000000000000 	 36.000000000000 	 0.000007257288 
10.000000000000 	 37.000000000000 	 0.000006802090 
10.000000000000 	 38.000000000000 	 0.000006320531 
10.000000000000 	 39.000000000000 	 0.000005814476 

11.000000000000 	 1.000000000000 	 0.000001794922 
11.000000000000 	 2.000000000000 	 0.000002461062 
11.000000000000 	 3.000000000000 	 0.000003117664 
11.000000000000 	 4.000000000000 	 0.000003762183 
11.000000000000 	 5.000000000000 	 0.000004392121 
11.000000000000 	 6.000000000000 	 0.000005005038 
11.000000000000 	 7.000000000000 	 0.000005598558 
11.000000000000 	 8.000000000000 	 0.000006170380 
11.000000000000 	 9.000000000000 	 0.000006718289 
11.000000000000 	 10.000000000000 	 0.000007240161 
11.000000000000 	 11.000000000000 	 0.000007733974 
11.000000000000 	 12.000000000000 	 0.000008197813 
11.000000000000 	 13.000000000000 	 0.000008629882 
11.000000000000 	 14.000000000000 	 0.000009028505 
11.000000000000 	 15.000000000000 	 0.000009392138 
11.000000000000 	 16.000000000000 	 0.000009719371 
11.000000000000 	 17.000000000000 	 0.000010008937 
11.000000000000 	 18.000000000000 	 0.000010259713 
11.000000000000 	 19.000000000000 	 0.000010470727 
11.000000000000 	 20.000000000000 	 0.000010641162 
11.000000000000 	 21.000000000000 	 0.000010770356 
11.000000000000 	 22.000000000000 	 0.000010857810 
11.000000000000 	 23.000000000000 	 0.000010903184 
11.000000000000 	 24.000000000000 	 0.000010906303 
11.000000000000 	 25.000000000000 	 0.000010867154 
11.000000000000 	 26.000000000000 	 0.000010785889 
11.000000000000 	 27.000000000000 	 0.000010662823 
11.000000000000 	 28.000000000000 	 0.000010498433 
11.000000000000 	 29.000000000000 	 0.000010293357 
11.000000000000 	 30.000000000000 	 0.000010048388 
11.000000000000 	 31.000000000000 	 0.000009764476 
11.000000000000 	 32.000000000000 	 0.000009442722 
11.000000000000 	 33.000000000000 	 0.000009084373 
11.000000000000 	 34.000000000000 	 0.000008690817 
11.000000000000 	 35.000000000000 	 0.000008263579 
11.000000000000 	 36.000000000000 	 0.000007804316 
11.000000000000 	 37.000000000000 	 0.000007314807 
11.000000000000 	 38.000000000000 	 0.000006796950 
11.000000000000 	 39.000000000000 	 0.000006252751 

12.000000000000 	 1.000000000000 	 0.000001909668 
12.000000000000 	 2.000000000000 	 0.000002618392 
12.000000000000 	 3.000000000000 	 0.000003316969 
12.000000000000 	 4.000000000000 	 0.000004002691 
12.000000000000 	 5.000000000000 	 0.000004672900 
12.000000000000 	 6.000000000000 	 0.000005324999 
12.000000000000 	 7.000000000000 	 0.000005956461 
12.000000000000 	 8.000000000000 	 0.000006564839 
12.000000000000 	 9.000000000000 	 0.000007147774 
12.000000000000 	 10.000000000000 	 0.000007703008 
12.000000000000 	 11.000000000000 	 0.000008228389 
12.000000000000 	 12.000000000000 	 0.000008721881 
12.000000000000 	 13.000000000000 	 0.000009181570 
12.000000000000 	 14.000000000000 	 0.000009605676 
12.000000000000 	 15.000000000000 	 0.000009992556 
12.000000000000 	 16.000000000000 	 0.000010340708 
12.000000000000 	 17.000000000000 	 0.000010648786 
12.000000000000 	 18.000000000000 	 0.000010915593 
12.000000000000 	 19.000000000000 	 0.000011140097 
12.000000000000 	 20.000000000000 	 0.000011321427 
12.000000000000 	 21.000000000000 	 0.000011458881 
12.000000000000 	 22.000000000000 	 0.000011551925 
12.000000000000 	 23.000000000000 	 0.000011600200 
12.000000000000 	 24.000000000000 	 0.000011603518 
12.000000000000 	 25.000000000000 	 0.000011561866 
12.000000000000 	 26.000000000000 	 0.000011475406 
12.000000000000 	 27.000000000000 	 0.000011344473 
12.000000000000 	 28.000000000000 	 0.000011169574 
12.000000000000 	 29.000000000000 	 0.000010951387 
12.000000000000 	 30.000000000000 	 0.000010690758 
12.000000000000 	 31.000000000000 	 0.000010388697 
12.000000000000 	 32.000000000000 	 0.000010046374 
12.000000000000 	 33.000000000000 	 0.000009665116 
12.000000000000 	 34.000000000000 	 0.000009246401 
12.000000000000 	 35.000000000000 	 0.000008791851 
12.000000000000 	 36.000000000000 	 0.000008303229 
12.000000000000 	 37.000000000000 	 0.000007782426 
12.000000000000 	 38.000000000000 	 0.000007231463 
12.000000000000 	 39.000000000000 	 0.000006652475 

13.000000000000 	 1.000000000000 	 0.000002012639 
13.000000000000 	 2.000000000000 	 0.000002759579 
13.000000000000 	 3.000000000000 	 0.000003495824 
13.000000000000 	 4.000000000000 	 0.000004218521 
13.000000000000 	 5.000000000000 	 0.000004924868 
13.000000000000 	 6.000000000000 	 0.000005612129 
13.000000000000 	 7.000000000000 	 0.000006277641 
13.000000000000 	 8.000000000000 	 0.000006918823 
13.000000000000 	 9.000000000000 	 0.000007533191 
13.000000000000 	 10.000000000000 	 0.000008118364 
13.000000000000 	 11.000000000000 	 0.000008672074 
13.000000000000 	 12.000000000000 	 0.000009192175 
13.000000000000 	 13.000000000000 	 0.000009676652 
13.000000000000 	 14.000000000000 	 0.000010123626 
13.000000000000 	 15.000000000000 	 0.000010531366 
13.000000000000 	 16.000000000000 	 0.000010898292 
13.000000000000 	 17.000000000000 	 0.000011222981 
13.000000000000 	 18.000000000000 	 0.000011504175 
13.000000000000 	 19.000000000000 	 0.000011740784 
13.000000000000 	 20.000000000000 	 0.000011931892 
13.000000000000 	 21.000000000000 	 0.000012076757 
13.000000000000 	 22.000000000000 	 0.000012174819 
13.000000000000 	 23.000000000000 	 0.000012225697 
13.000000000000 	 24.000000000000 	 0.000012229194 
13.000000000000 	 25.000000000000 	 0.000012185296 
13.000000000000 	 26.000000000000 	 0.000012094174 
13.000000000000 	 27.000000000000 	 0.000011956181 
13.000000000000 	 28.000000000000 	 0.000011771851 
13.000000000000 	 29.000000000000 	 0.000011541899 
13.000000000000 	 30.000000000000 	 0.000011267217 
13.000000000000 	 31.000000000000 	 0.000010948868 
13.000000000000 	 32.000000000000 	 0.000010588087 
13.000000000000 	 33.000000000000 	 0.000010186271 
13.000000000000 	 34.000000000000 	 0.000009744978 
13.000000000000 	 35.000000000000 	 0.000009265918 
13.000000000000 	 36.000000000000 	 0.000008750949 
13.000000000000 	 37.000000000000 	 0.000008202064 
13.000000000000 	 38.000000000000 	 0.000007621393 
13.000000000000 	 39.000000000000 	 0.000007011184 

14.000000000000 	 1.000000000000 	 0.000002103202 
14.000000000000 	 2.000000000000 	 0.000002883752 
14.000000000000 	 3.000000000000 	 0.000003653126 
14.000000000000 	 4.000000000000 	 0.000004408342 
14.000000000000 	 5.000000000000 	 0.000005146473 
14.000000000000 	 6.000000000000 	 0.000005864659 
14.000000000000 	 7.000000000000 	 0.000006560117 
14.000000000000 	 8.000000000000 	 0.000007230150 
14.000000000000 	 9.000000000000 	 0.000007872163 
14.000000000000 	 10.000000000000 	 0.000008483667 
14.000000000000 	 11.000000000000 	 0.000009062292 
14.000000000000 	 12.000000000000 	 0.000009605796 
14.000000000000 	 13.000000000000 	 0.000010112073 
14.000000000000 	 14.000000000000 	 0.000010579160 
14.000000000000 	 15.000000000000 	 0.000011005248 
14.000000000000 	 16.000000000000 	 0.000011388684 
14.000000000000 	 17.000000000000 	 0.000011727983 
14.000000000000 	 18.000000000000 	 0.000012021830 
14.000000000000 	 19.000000000000 	 0.000012269086 
14.000000000000 	 20.000000000000 	 0.000012468793 
14.000000000000 	 21.000000000000 	 0.000012620177 
14.000000000000 	 22.000000000000 	 0.000012722651 
14.000000000000 	 23.000000000000 	 0.000012775818 
14.000000000000 	 24.000000000000 	 0.000012779472 
14.000000000000 	 25.000000000000 	 0.000012733599 
14.000000000000 	 26.000000000000 	 0.000012638377 
14.000000000000 	 27.000000000000 	 0.000012494175 
14.000000000000 	 28.000000000000 	 0.000012301551 
14.000000000000 	 29.000000000000 	 0.000012061252 
14.000000000000 	 30.000000000000 	 0.000011774209 
14.000000000000 	 31.000000000000 	 0.000011441536 
14.000000000000 	 32.000000000000 	 0.000011064520 
14.000000000000 	 33.000000000000 	 0.000010644624 
14.000000000000 	 34.000000000000 	 0.000010183474 
14.000000000000 	 35.000000000000 	 0.000009682858 
14.000000000000 	 36.000000000000 	 0.000009144716 
14.000000000000 	 37.000000000000 	 0.000008571134 
14.000000000000 	 38.000000000000 	 0.000007964333 
14.000000000000 	 39.000000000000 	 0.000007326667 

15.000000000000 	 1.000000000000 	 0.000002180798 
15.000000000000 	 2.000000000000 	 0.000002990146 
15.000000000000 	 3.000000000000 	 0.000003787905 
15.000000000000 	 4.000000000000 	 0.000004570984 
15.000000000000 	 5.000000000000 	 0.000005336348 
15.000000000000 	 6.000000000000 	 0.000006081031 
15.000000000000 	 7.000000000000 	 0.000006802147 
15.000000000000 	 8.000000000000 	 0.000007496901 
15.000000000000 	 9.000000000000 	 0.000008162600 
15.000000000000 	 10.000000000000 	 0.000008796665 
15.000000000000 	 11.000000000000 	 0.000009396639 
15.000000000000 	 12.000000000000 	 0.000009960195 
15.000000000000 	 13.000000000000 	 0.000010485150 
15.000000000000 	 14.000000000000 	 0.000010969470 
15.000000000000 	 15.000000000000 	 0.000011411278 
15.000000000000 	 16.000000000000 	 0.000011808861 
15.000000000000 	 17.000000000000 	 0.000012160678 
15.000000000000 	 18.000000000000 	 0.000012465366 
15.000000000000 	 19.000000000000 	 0.000012721744 
15.000000000000 	 20.000000000000 	 0.000012928820 
15.000000000000 	 21.000000000000 	 0.000013085789 
15.000000000000 	 22.000000000000 	 0.000013192043 
15.000000000000 	 23.000000000000 	 0.000013247172 
15.000000000000 	 24.000000000000 	 0.000013250961 
15.000000000000 	 25.000000000000 	 0.000013203396 
15.000000000000 	 26.000000000000 	 0.000013104660 
15.000000000000 	 27.000000000000 	 0.000012955138 
15.000000000000 	 28.000000000000 	 0.000012755407 
15.000000000000 	 29.000000000000 	 0.000012506242 
15.000000000000 	 30.000000000000 	 0.000012208610 
15.000000000000 	 31.000000000000 	 0.000011863662 
15.000000000000 	 32.000000000000 	 0.000011472737 
15.000000000000 	 33.000000000000 	 0.000011037349 
15.000000000000 	 34.000000000000 	 0.000010559186 
15.000000000000 	 35.000000000000 	 0.000010040100 
15.000000000000 	 36.000000000000 	 0.000009482104 
15.000000000000 	 37.000000000000 	 0.000008887359 
15.000000000000 	 38.000000000000 	 0.000008258171 
15.000000000000 	 39.000000000000 	 0.000007596979 

16.000000000000 	 1.000000000000 	 0.000002244949 
16.000000000000 	 2.000000000000 	 0.000003078105 
16.000000000000 	 3.000000000000 	 0.000003899331 
16.000000000000 	 4.000000000000 	 0.000004705445 
16.000000000000 	 5.000000000000 	 0.000005493323 
16.000000000000 	 6.000000000000 	 0.000006259912 
16.000000000000 	 7.000000000000 	 0.000007002240 
16.000000000000 	 8.000000000000 	 0.000007717431 
16.000000000000 	 9.000000000000 	 0.000008402713 
16.000000000000 	 10.000000000000 	 0.000009055429 
16.000000000000 	 11.000000000000 	 0.000009673052 
16.000000000000 	 12.000000000000 	 0.000010253186 
16.000000000000 	 13.000000000000 	 0.000010793583 
16.000000000000 	 14.000000000000 	 0.000011292150 
16.000000000000 	 15.000000000000 	 0.000011746954 
16.000000000000 	 16.000000000000 	 0.000012156232 
16.000000000000 	 17.000000000000 	 0.000012518398 
16.000000000000 	 18.000000000000 	 0.000012832049 
16.000000000000 	 19.000000000000 	 0.000013095969 
16.000000000000 	 20.000000000000 	 0.000013309136 
16.000000000000 	 21.000000000000 	 0.000013470722 
16.000000000000 	 22.000000000000 	 0.000013580103 
16.000000000000 	 23.000000000000 	 0.000013636853 
16.000000000000 	 24.000000000000 	 0.000013640753 
16.000000000000 	 25.000000000000 	 0.000013591789 
16.000000000000 	 26.000000000000 	 0.000013490149 
16.000000000000 	 27.000000000000 	 0.000013336228 
16.000000000000 	 28.000000000000 	 0.000013130622 
16.000000000000 	 29.000000000000 	 0.000012874128 
16.000000000000 	 30.000000000000 	 0.000012567740 
16.000000000000 	 31.000000000000 	 0.000012212646 
16.000000000000 	 32.000000000000 	 0.000011810221 
16.000000000000 	 33.000000000000 	 0.000011362026 
16.000000000000 	 34.000000000000 	 0.000010869796 
16.000000000000 	 35.000000000000 	 0.000010335441 
16.000000000000 	 36.000000000000 	 0.000009761031 
16.000000000000 	 37.000000000000 	 0.000009148791 
16.000000000000 	 38.000000000000 	 0.000008501095 
16.000000000000 	 39.000000000000 	 0.000007820453 

17.000000000000 	 1.000000000000 	 0.000002295259 
17.000000000000 	 2.000000000000 	 0.000003147086 
17.000000000000 	 3.000000000000 	 0.000003986716 
17.000000000000 	 4.000000000000 	 0.000004810895 
17.000000000000 	 5.000000000000 	 0.000005616430 
17.000000000000 	 6.000000000000 	 0.000006400198 
17.000000000000 	 7.000000000000 	 0.000007159162 
17.000000000000 	 8.000000000000 	 0.000007890380 
17.000000000000 	 9.000000000000 	 0.000008591019 
17.000000000000 	 10.000000000000 	 0.000009258364 
17.000000000000 	 11.000000000000 	 0.000009889827 
17.000000000000 	 12.000000000000 	 0.000010482962 
17.000000000000 	 13.000000000000 	 0.000011035470 
17.000000000000 	 14.000000000000 	 0.000011545210 
17.000000000000 	 15.000000000000 	 0.000012010206 
17.000000000000 	 16.000000000000 	 0.000012428656 
17.000000000000 	 17.000000000000 	 0.000012798938 
17.000000000000 	 18.000000000000 	 0.000013119618 
17.000000000000 	 19.000000000000 	 0.000013389453 
17.000000000000 	 20.000000000000 	 0.000013607397 
17.000000000000 	 21.000000000000 	 0.000013772604 
17.000000000000 	 22.000000000000 	 0.000013884436 
17.000000000000 	 23.000000000000 	 0.000013942458 
17.000000000000 	 24.000000000000 	 0.000013946446 
17.000000000000 	 25.000000000000 	 0.000013896384 
17.000000000000 	 26.000000000000 	 0.000013792467 
17.000000000000 	 27.000000000000 	 0.000013635096 
17.000000000000 	 28.000000000000 	 0.000013424882 
17.000000000000 	 29.000000000000 	 0.000013162640 
17.000000000000 	 30.000000000000 	 0.000012849386 
17.000000000000 	 31.000000000000 	 0.000012486334 
17.000000000000 	 32.000000000000 	 0.000012074891 
17.000000000000 	 33.000000000000 	 0.000011616651 
17.000000000000 	 34.000000000000 	 0.000011113391 
17.000000000000 	 35.000000000000 	 0.000010567061 
17.000000000000 	 36.000000000000 	 0.000009979777 
17.000000000000 	 37.000000000000 	 0.000009353818 
17.000000000000 	 38.000000000000 	 0.000008691607 
17.000000000000 	 39.000000000000 	 0.000007995711 

18.000000000000 	 1.000000000000 	 0.000002331418 
18.000000000000 	 2.000000000000 	 0.000003196664 
18.000000000000 	 3.000000000000 	 0.000004049521 
18.000000000000 	 4.000000000000 	 0.000004886685 
18.000000000000 	 5.000000000000 	 0.000005704909 
18.000000000000 	 6.000000000000 	 0.000006501025 
18.000000000000 	 7.000000000000 	 0.000007271945 
18.000000000000 	 8.000000000000 	 0.000008014683 
18.000000000000 	 9.000000000000 	 0.000008726360 
18.000000000000 	 10.000000000000 	 0.000009404217 
18.000000000000 	 11.000000000000 	 0.000010045628 
18.000000000000 	 12.000000000000 	 0.000010648107 
18.000000000000 	 13.000000000000 	 0.000011209319 
18.000000000000 	 14.000000000000 	 0.000011727089 
18.000000000000 	 15.000000000000 	 0.000012199411 
18.000000000000 	 16.000000000000 	 0.000012624453 
18.000000000000 	 17.000000000000 	 0.000013000569 
18.000000000000 	 18.000000000000 	 0.000013326301 
18.000000000000 	 19.000000000000 	 0.000013600386 
18.000000000000 	 20.000000000000 	 0.000013821763 
18.000000000000 	 21.000000000000 	 0.000013989574 
18.000000000000 	 22.000000000000 	 0.000014103167 
18.000000000000 	 23.000000000000 	 0.000014162103 
18.000000000000 	 24.000000000000 	 0.000014166154 
18.000000000000 	 25.000000000000 	 0.000014115304 
18.000000000000 	 26.000000000000 	 0.000014009749 
18.000000000000 	 27.000000000000 	 0.000013849899 
18.000000000000 	 28.000000000000 	 0.000013636374 
18.000000000000 	 29.000000000000 	 0.000013370001 
18.000000000000 	 30.000000000000 	 0.000013051812 
18.000000000000 	 31.000000000000 	 0.000012683040 
18.000000000000 	 32.000000000000 	 0.000012265115 
18.000000000000 	 33.000000000000 	 0.000011799656 
18.000000000000 	 34.000000000000 	 0.000011288468 
18.000000000000 	 35.000000000000 	 0.000010733531 
18.000000000000 	 36.000000000000 	 0.000010136996 
18.000000000000 	 37.000000000000 	 0.000009501175 
18.000000000000 	 38.000000000000 	 0.000008828532 
18.000000000000 	 39.000000000000 	 0.000008121673 

19.000000000000 	 1.000000000000 	 0.000002353202 
19.000000000000 	 2.000000000000 	 0.000003226534 
19.000000000000 	 3.000000000000 	 0.000004087360 
19.000000000000 	 4.000000000000 	 0.000004932346 
19.000000000000 	 5.000000000000 	 0.000005758216 
19.000000000000 	 6.000000000000 	 0.000006561771 
19.000000000000 	 7.000000000000 	 0.000007339894 
19.000000000000 	 8.000000000000 	 0.000008089572 
19.000000000000 	 9.000000000000 	 0.000008807899 
19.000000000000 	 10.000000000000 	 0.000009492090 
19.000000000000 	 11.000000000000 	 0.000010139495 
19.000000000000 	 12.000000000000 	 0.000010747604 
19.000000000000 	 13.000000000000 	 0.000011314060 
19.000000000000 	 14.000000000000 	 0.000011836668 
19.000000000000 	 15.000000000000 	 0.000012313403 
19.000000000000 	 16.000000000000 	 0.000012742416 
19.000000000000 	 17.000000000000 	 0.000013122047 
19.000000000000 	 18.000000000000 	 0.000013450822 
19.000000000000 	 19.000000000000 	 0.000013727469 
19.000000000000 	 20.000000000000 	 0.000013950914 
19.000000000000 	 21.000000000000 	 0.000014120293 
19.000000000000 	 22.000000000000 	 0.000014234948 
19.000000000000 	 23.000000000000 	 0.000014294434 
19.000000000000 	 24.000000000000 	 0.000014298523 
19.000000000000 	 25.000000000000 	 0.000014247197 
19.000000000000 	 26.000000000000 	 0.000014140656 
19.000000000000 	 27.000000000000 	 0.000013979313 
19.000000000000 	 28.000000000000 	 0.000013763793 
19.000000000000 	 29.000000000000 	 0.000013494930 
19.000000000000 	 30.000000000000 	 0.000013173768 
19.000000000000 	 31.000000000000 	 0.000012801551 
19.000000000000 	 32.000000000000 	 0.000012379721 
19.000000000000 	 33.000000000000 	 0.000011909913 
19.000000000000 	 34.000000000000 	 0.000011393948 
19.000000000000 	 35.000000000000 	 0.000010833825 
19.000000000000 	 36.000000000000 	 0.000010231716 
19.000000000000 	 37.000000000000 	 0.000009589954 
19.000000000000 	 38.000000000000 	 0.000008911026 
19.000000000000 	 39.000000000000 	 0.000008197563 

20.000000000000 	 1.000000000000 	 0.000002360479 
20.000000000000 	 2.000000000000 	 0.000003236511 
20.000000000000 	 3.000000000000 	 0.000004099999 
20.000000000000 	 4.000000000000 	 0.000004947598 
20.000000000000 	 5.000000000000 	 0.000005776022 
20.000000000000 	 6.000000000000 	 0.000006582061 
20.000000000000 	 7.000000000000 	 0.000007362591 
20.000000000000 	 8.000000000000 	 0.000008114587 
20.000000000000 	 9.000000000000 	 0.000008835135 
20.000000000000 	 10.000000000000 	 0.000009521442 
20.000000000000 	 11.000000000000 	 0.000010170848 
20.000000000000 	 12.000000000000 	 0.000010780837 
20.000000000000 	 13.000000000000 	 0.000011349045 
20.000000000000 	 14.000000000000 	 0.000011873269 
20.000000000000 	 15.000000000000 	 0.000012351478 
20.000000000000 	 16.000000000000 	 0.000012781819 
20.000000000000 	 17.000000000000 	 0.000013162623 
20.000000000000 	 18.000000000000 	 0.000013492415 
20.000000000000 	 19.000000000000 	 0.000013769917 
20.000000000000 	 20.000000000000 	 0.000013994053 
20.000000000000 	 21.000000000000 	 0.000014163955 
20.000000000000 	 22.000000000000 	 0.000014278965 
20.000000000000 	 23.000000000000 	 0.000014338636 
20.000000000000 	 24.000000000000 	 0.000014342737 
20.000000000000 	 25.000000000000 	 0.000014291253 
20.000000000000 	 26.000000000000 	 0.000014184382 
20.000000000000 	 27.000000000000 	 0.000014022540 
20.000000000000 	 28.000000000000 	 0.000013806353 
20.000000000000 	 29.000000000000 	 0.000013536659 
20.000000000000 	 30.000000000000 	 0.000013214504 
20.000000000000 	 31.000000000000 	 0.000012841136 
20.000000000000 	 32.000000000000 	 0.000012418001 
20.000000000000 	 33.000000000000 	 0.000011946741 
20.000000000000 	 34.000000000000 	 0.000011429180 
20.000000000000 	 35.000000000000 	 0.000010867326 
20.000000000000 	 36.000000000000 	 0.000010263355 
20.000000000000 	 37.000000000000 	 0.000009619608 
20.000000000000 	 38.000000000000 	 0.000008938580 
20.000000000000 	 39.000000000000 	 0.000008222911 

21.000000000000 	 1.000000000000 	 0.000002353202 
21.000000000000 	 2.000000000000 	 0.000003226534 
21.000000000000 	 3.000000000000 	 0.000004087360 
21.000000000000 	 4.000000000000 	 0.000004932346 
21.000000000000 	 5.000000000000 	 0.000005758216 
21.000000000000 	 6.000000000000 	 0.000006561771 
21.000000000000 	 7.000000000000 	 0.000007339894 
21.000000000000 	 8.000000000000 	 0.000008089572 
21.000000000000 	 9.000000000000 	 0.000008807899 
21.000000000000 	 10.000000000000 	 0.000009492090 
21.000000000000 	 11.000000000000 	 0.000010139495 
21.000000000000 	 12.000000000000 	 0.000010747604 
21.000000000000 	 13.000000000000 	 0.000011314060 
21.000000000000 	 14.000000000000 	 0.000011836668 
21.000000000000 	 15.000000000000 	 0.000012313403 
21.000000000000 	 16.000000000000 	 0.000012742416 
21.000000000000 	 17.000000000000 	 0.000013122047 
21.000000000000 	 18.000000000000 	 0.000013450822 
21.000000000000 	 19.000000000000 	 0.000013727469 
21.000000000000 	 20.000000000000 	 0.000013950914 
21.000000000000 	 21.000000000000 	 0.000014120293 
21.000000000000 	 22.000000000000 	 0.000014234948 
21.000000000000 	 23.000000000000 	 0.000014294434 
21.000000000000 	 24.000000000000 	 0.000014298523 
21.000000000000 	 25.000000000000 	 0.000014247197 
21.000000000000 	 26.000000000000 	 0.000014140656 
21.000000000000 	 27.000000000000 	 0.000013979313 
21.000000000000 	 28.000000000000 	 0.000013763793 
21.000000000000 	 29.000000000000 	 0.000013494930 
21.000000000000 	 30.000000000000 	 0.000013173768 
21.000000000000 	 31.000000000000 	 0.000012801551 
21.000000000000 	 32.000000000000 	 0.000012379721 
21.000000000000 	 33.000000000000 	 0.000011909913 
21.000000000000 	 34.000000000000 	 0.000011393948 
21.000000000000 	 35.000000000000 	 0.000010833825 
21.000000000000 	 36.000000000000 	 0.000010231716 
21.000000000000 	 37.000000000000 	 0.000009589954 
21.000000000000 	 38.000000000000 	 0.000008911026 
21.000000000000 	 39.000000000000 	 0.000008197563 

22.000000000000 	 1.000000000000 	 0.000002331418 
22.000000000000 	 2.000000000000 	 0.000003196664 
22.000000000000 	 3.000000000000 	 0.000004049521 
22.000000000000 	 4.000000000000 	 0.000004886685 
22.000000000000 	 5.000000000000 	 0.000005704909 
22.000000000000 	 6.000000000000 	 0.000006501025 
22.000000000000 	 7.000000000000 	 0.000007271945 
22.000000000000 	 8.000000000000 	 0.000008014683 
22.000000000000 	 9.000000000000 	 0.000008726360 
22.000000000000 	 10.000000000000 	 0.000009404217 
22.000000000000 	 11.000000000000 	 0.000010045628 
22.000000000000 	 12.000000000000 	 0.000010648107 
22.000000000000 	 13.000000000000 	 0.000011209319 
22.000000000000 	 14.000000000000 	 0.000011727089 
22.000000000000 	 15.000000000000 	 0.000012199411 
22.000000000000 	 16.000000000000 	 0.000012624453 
22.000000000000 	 17.000000000000 	 0.000013000569 
22.000000000000 	 18.000000000000 	 0.000013326301 
22.000000000000 	 19.000000000000 	 0.000013600386 
22.000000000000 	 20.000000000000 	 0.000013821763 
22.000000000000 	 21.000000000000 	 0.000013989574 
22.000000000000 	 22.000000000000 	 0.000014103167 
22.000000000000 	 23.000000000000 	 0.000014162103 
22.000000000000 	 24.000000000000 	 0.000014166154 
22.000000000000 	 25.000000000000 	 0.000014115304 
22.000000000000 	 26.000000000000 	 0.000014009749 
22.000000000000 	 27.000000000000 	 0.000013849899 
22.000000000000 	 28.000000000000 	 0.000013636374 
22.000000000000 	 29.000000000000 	 0.000013370001 
22.000000000000 	 30.000000000000 	 0.000013051812 
22.000000000000 	 31.000000000000 	 0.000012683040 
22.000000000000 	 32.000000000000 	 0.000012265115 
22.000000000000 	 33.000000000000 	 0.000011799656 
22.000000000000 	 34.000000000000 	 0.000011288468 
22.000000000000 	 35.000000000000 	 0.000010733531 
22.000000000000 	 36.000000000000 	 0.000010136996 
22.000000000000 	 37.000000000000 	 0.000009501175 
22.000000000000 	 38.000000000000 	 0.000008828532 
22.000000000000 	 39.000000000000 	 0.000008121673 

23.000000000000 	 1.000000000000 	 0.000002295259 
23.000000000000 	 2.000000000000 	 0.000003147086 
23.000000000000 	 3.000000000000 	 0.000003986716 
23.000000000000 	 4.000000000000 	 0.000004810895 
23.000000000000 	 5.000000000000 	 0.000005616430 
23.000000000000 	 6.000000000000 	 0.000006400198 
23.000000000000 	 7.000000000000 	 0.000007159162 
23.000000000000 	 8.000000000000 	 0.000007890380 
23.000000000000 	 9.000000000000 	 0.000008591019 
23.000000000000 	 10.000000000000 	 0.000009258364 
23.000000000000 	 11.000000000000 	 0.000009889827 
23.000000000000 	 12.000000000000 	 0.000010482962 
23.000000000000 	 13.000000000000 	 0.000011035470 
23.000000000000 	 14.000000000000 	 0.000011545210 
23.000000000000 	 15.000000000000 	 0.000012010206 
23.000000000000 	 16.000000000000 	 0.000012428656 
23.000000000000 	 17.000000000000 	 0.000012798938 
23.000000000000 	 18.000000000000 	 0.000013119618 
23.000000000000 	 19.000000000000 	 0.000013389453 
23.000000000000 	 20.000000000000 	 0.000013607397 
23.000000000000 	 21.000000000000 	 0.000013772604 
23.000000000000 	 22.000000000000 	 0.000013884436 
23.000000000000 	 23.000000000000 	 0.000013942458 
23.000000000000 	 24.000000000000 	 0.000013946446 
23.000000000000 	 25.000000000000 	 0.000013896384 
23.000000000000 	 26.000000000000 	 0.000013792467 
23.000000000000 	 27.000000000000 	 0.000013635096 
23.000000000000 	 28.000000000000 	 0.000013424882 
23.000000000000 	 29.000000000000 	 0.000013162640 
23.000000000000 	 30.000000000000 	 0.000012849386 
23.000000000000 	 31.000000000000 	 0.000012486334 
23.000000000000 	 32.000000000000 	 0.000012074891 
23.000000000000 	 33.000000000000 	 0.000011616651 
23.000000000000 	 34.000000000000 	 0.000011113391 
23.000000000000 	 35.000000000000 	 0.000010567061 
23.000000000000 	 36.000000000000 	 0.000009979777 
23.000000000000 	 37.000000000000 	 0.000009353818 
23.000000000000 	 38.000000000000 	 0.000008691607 
23.000000000000 	 39.000000000000 	 0.000007995711 

24.000000000000 	 1.000000000000 	 0.000002244949 
24.000000000000 	 2.000000000000 	 0.000003078105 
24.000000000000 	 3.000000000000 	 0.000003899331 
24.000000000000 	 4.000000000000 	 0.000004705445 
24.000000000000 	 5.000000000000 	 0.000005493323 
24.000000000000 	 6.000000000000 	 0.000006259912 
24.000000000000 	 7.000000000000 	 0.000007002240 
24.000000000000 	 8.000000000000 	 0.000007717431 
24.000000000000 	 9.000000000000 	 0.000008402713 
24.000000000000 	 10.000000000000 	 0.000009055429 
24.000000000000 	 11.000000000000 	 0.000009673052 
24.000000000000 	 12.000000000000 	 0.000010253186 
24.000000000000 	 13.000000000000 	 0.000010793583 
24.000000000000 	 14.000000000000 	 0.000011292150 
24.000000000000 	 15.000000000000 	 0.000011746954 
24.000000000000 	 16.000000000000 	 0.000012156232 
24.000000000000 	 17.000000000000 	 0.000012518398 
24.000000000000 	 18.000000000000 	 0.000012832049 
24.000000000000 	 19.000000000000 	 0.000013095969 
24.000000000000 	 20.000000000000 	 0.000013309136 
24.000000000000 	 21.000000000000 	 0.000013470722 
24.000000000000 	 22.000000000000 	 0.000013580102 
24.000000000000 	 23.000000000000 	 0.000013636853 
24.000000000000 	 24.000000000000 	 0.000013640753 
24.000000000000 	 25.000000000000 	 0.000013591789 
24.000000000000 	 26.000000000000 	 0.000013490149 
24.000000000000 	 27.000000000000 	 0.000013336228 
24.000000000000 	 28.000000000000 	 0.000013130622 
24.000000000000 	 29.000000000000 	 0.000012874128 
24.000000000000 	 30.000000000000 	 0.000012567740 
24.000000000000 	 31.000000000000 	 0.000012212646 
24.000000000000 	 32.000000000000 	 0.000011810221 
24.000000000000 	 33.000000000000 	 0.000011362025 
24.000000000000 	 34.000000000000 	 0.000010869796 
24.000000000000 	 35.000000000000 	 0.000010335441 
24.000000000000 	 36.000000000000 	 0.000009761030 
24.000000000000 	 37.000000000000 	 0.000009148791 
24.000000000000 	 38.000000000000 	 0.000008501095 
24.000000000000 	 39.000000000000 	 0.000007820453 

25.000000000000 	 1.000000000000 	 0.000002180798 
25.000000000000 	 2.000000000000 	 0.000002990146 
25.000000000000 	 3.000000000000 	 0.000003787905 
25.000000000000 	 4.000000000000 	 0.000004570984 
25.000000000000 	 5.000000000000 	 0.000005336348 
25.000000000000 	 6.000000000000 	 0.000006081031 
25.000000000000 	 7.000000000000 	 0.000006802147 
25.000000000000 	 8.000000000000 	 0.000007496901 
25.000000000000 	 9.000000000000 	 0.000008162600 
25.000000000000 	 10.000000000000 	 0.000008796665 
25.000000000000 	 11.000000000000 	 0.000009396639 
25.000000000000 	 12.000000000000 	 0.000009960195 
25.000000000000 	 13.000000000000 	 0.000010485150 
25.000000000000 	 14.000000000000 	 0.000010969470 
25.000000000000 	 15.000000000000 	 0.000011411278 
25.000000000000 	 16.000000000000 	 0.000011808860 
25.000000000000 	 17.000000000000 	 0.000012160678 
25.000000000000 	 18.000000000000 	 0.000012465366 
25.000000000000 	 19.000000000000 	 0.000012721744 
25.000000000000 	 20.000000000000 	 0.000012928819 
25.000000000000 	 21.000000000000 	 0.000013085789 
25.000000000000 	 22.000000000000 	 0.000013192043 
25.000000000000 	 23.000000000000 	 0.000013247172 
25.000000000000 	 24.000000000000 	 0.000013250961 
25.000000000000 	 25.000000000000 	 0.000013203396 
25.000000000000 	 26.000000000000 	 0.000013104660 
25.000000000000 	 27.000000000000 	 0.000012955138 
25.000000000000 	 28.000000000000 	 0.000012755407 
25.000000000000 	 29.000000000000 	 0.000012506242 
25.000000000000 	 30.000000000000 	 0.000012208610 
25.000000000000 	 31.000000000000 	 0.000011863662 
25.000000000000 	 32.000000000000 	 0.000011472737 
25.000000000000 	 33.000000000000 	 0.000011037349 
25.000000000000 	 34.000000000000 	 0.000010559186 
25.000000000000 	 35.000000000000 	 0.000010040100 
25.000000000000 	 36.000000000000 	 0.000009482103 
25.000000000000 	 37.000000000000 	 0.000008887359 
25.000000000000 	 38.000000000000 	 0.000008258171 
25.000000000000 	 39.000000000000 	 0.000007596979 

26.000000000000 	 1.000000000000 	 0.000002103202 
26.000000000000 	 2.000000000000 	 0.000002883752 
26.000000000000 	 3.000000000000 	 0.000003653126 
26.000000000000 	 4.000000000000 	 0.000004408342 
26.000000000000 	 5.000000000000 	 0.000005146473 
26.000000000000 	 6.000000000000 	 0.000005864659 
26.000000000000 	 7.000000000000 	 0.000006560117 
26.000000000000 	 8.000000000000 	 0.000007230150 
26.000000000000 	 9.000000000000 	 0.000007872163 
26.000000000000 	 10.000000000000 	 0.000008483667 
26.000000000000 	 11.000000000000 	 0.000009062292 
26.000000000000 	 12.000000000000 	 0.000009605796 
26.000000000000 	 13.000000000000 	 0.000010112073 
26.000000000000 	 14.000000000000 	 0.000010579160 
26.000000000000 	 15.000000000000 	 0.000011005248 
26.000000000000 	 16.000000000000 	 0.000011388684 
26.000000000000 	 17.000000000000 	 0.000011727983 
26.000000000000 	 18.000000000000 	 0.000012021830 
26.000000000000 	 19.000000000000 	 0.000012269086 
26.000000000000 	 20.000000000000 	 0.000012468793 
26.000000000000 	 21.000000000000 	 0.000012620177 
26.000000000000 	 22.000000000000 	 0.000012722651 
26.000000000000 	 23.000000000000 	 0.000012775818 
26.000000000000 	 24.000000000000 	 0.000012779472 
26.000000000000 	 25.000000000000 	 0.000012733599 
26.000000000000 	 26.000000000000 	 0.000012638377 
26.000000000000 	 27.000000000000 	 0.000012494175 
26.000000000000 	 28.000000000000 	 0.000012301551 
26.000000000000 	 29.000000000000 	 0.000012061252 
26.000000000000 	 30.000000000000 	 0.000011774209 
26.000000000000 	 31.000000000000 	 0.000011441536 
26.000000000000 	 32.000000000000 	 0.000011064520 
26.000000000000 	 33.000000000000 	 0.000010644624 
26.000000000000 	 34.000000000000 	 0.000010183474 
26.000000000000 	 35.000000000000 	 0.000009682858 
26.000000000000 	 36.000000000000 	 0.000009144716 
26.000000000000 	 37.000000000000 	 0.000008571134 
26.000000000000 	 38.000000000000 	 0.000007964333 
26.000000000000 	 39.000000000000 	 0.000007326667 

27.000000000000 	 1.000000000000 	 0.000002012639 
27.000000000000 	 2.000000000000 	 0.000002759579 
27.000000000000 	 3.000000000000 	 0.000003495824 
27.000000000000 	 4.000000000000 	 0.000004218520 
27.000000000000 	 5.000000000000 	 0.000004924868 
27.000000000000 	 6.000000000000 	 0.000005612129 
27.000000000000 	 7.000000000000 	 0.000006277641 
27.000000000000 	 8.000000000000 	 0.000006918823 
27.000000000000 	 9.000000000000 	 0.000007533191 
27.000000000000 	 10.000000000000 	 0.000008118364 
27.000000000000 	 11.000000000000 	 0.000008672074 
27.000000000000 	 12.000000000000 	 0.000009192175 
27.000000000000 	 13.000000000000 	 0.000009676652 
27.000000000000 	 14.000000000000 	 0.000010123626 
27.000000000000 	 15.000000000000 	 0.000010531366 
27.000000000000 	 16.000000000000 	 0.000010898292 
27.000000000000 	 17.000000000000 	 0.000011222981 
27.000000000000 	 18.000000000000 	 0.000011504175 
27.000000000000 	 19.000000000000 	 0.000011740784 
27.000000000000 	 20.000000000000 	 0.000011931892 
27.000000000000 	 21.000000000000 	 0.000012076757 
27.000000000000 	 22.000000000000 	 0.000012174819 
27.000000000000 	 23.000000000000 	 0.000012225697 
27.000000000000 	 24.000000000000 	 0.000012229194 
27.000000000000 	 25.000000000000 	 0.000012185296 
27.000000000000 	 26.000000000000 	 0.000012094174 
27.000000000000 	 27.000000000000 	 0.000011956181 
27.000000000000 	 28.000000000000 	 0.000011771851 
27.000000000000 	 29.000000000000 	 0.000011541899 
27.000000000000 	 30.000000000000 	 0.000011267217 
27.000000000000 	 31.000000000000 	 0.000010948868 
27.000000000000 	 32.000000000000 	 0.000010588087 
27.000000000000 	 33.000000000000 	 0.000010186271 
27.000000000000 	 34.000000000000 	 0.000009744978 
27.000000000000 	 35.000000000000 	 0.000009265918 
27.000000000000 	 36.000000000000 	 0.000008750949 
27.000000000000 	 37.000000000000 	 0.000008202064 
27.000000000000 	 38.000000000000 	 0.000007621393 
27.000000000000 	 39.000000000000 	 0.000007011184 

28.000000000000 	 1.000000000000 	 0.000001909668 
28.000000000000 	 2.000000000000 	 0.000002618392 
28.000000000000 	 3.000000000000 	 0.000003316969 
28.000000000000 	 4.000000000000 	 0.000004002691 
28.000000000000 	 5.000000000000 	 0.000004672900 
28.000000000000 	 6.000000000000 	 0.000005324999 
28.000000000000 	 7.000000000000 	 0.000005956461 
28.000000000000 	 8.000000000000 	 0.000006564839 
28.000000000000 	 9.000000000000 	 0.000007147774 
28.000000000000 	 10.000000000000 	 0.000007703008 
28.000000000000 	 11.000000000000 	 0.000008228389 
28.000000000000 	 12.000000000000 	 0.000008721881 
28.000000000000 	 13.000000000000 	 0.000009181570 
28.000000000000 	 14.000000000000 	 0.000009605676 
28.000000000000 	 15.000000000000 	 0.000009992556 
28.000000000000 	 16.000000000000 	 0.000010340708 
28.000000000000 	 17.000000000000 	 0.000010648785 
28.000000000000 	 18.000000000000 	 0.000010915593 
28.000000000000 	 19.000000000000 	 0.000011140097 
28.000000000000 	 20.000000000000 	 0.000011321427 
28.000000000000 	 21.000000000000 	 0.000011458881 
28.000000000000 	 22.000000000000 	 0.000011551925 
28.000000000000 	 23.000000000000 	 0.000011600200 
28.000000000000 	 24.000000000000 	 0.000011603518 
28.000000000000 	 25.000000000000 	 0.000011561866 
28.000000000000 	 26.000000000000 	 0.000011475406 
28.000000000000 	 27.000000000000 	 0.000011344473 
28.000000000000 	 28.000000000000 	 0.000011169574 
28.000000000000 	 29.000000000000 	 0.000010951387 
28.000000000000 	 30.000000000000 	 0.000010690758 
28.000000000000 	 31.000000000000 	 0.000010388697 
28.000000000000 	 32.000000000000 	 0.000010046374 
28.000000000000 	 33.000000000000 	 0.000009665116 
28.000000000000 	 34.000000000000 	 0.000009246401 
28.000000000000 	 35.000000000000 	 0.000008791851 
28.000000000000 	 36.000000000000 	 0.000008303228 
28.000000000000 	 37.000000000000 	 0.000007782426 
28.000000000000 	 38.000000000000 	 0.000007231463 
28.000000000000 	 39.000000000000 	 0.000006652475 

29.000000000000 	 1.000000000000 	 0.000001794922 
29.000000000000 	 2.000000000000 	 0.000002461062 
29.000000000000 	 3.000000000000 	 0.000003117664 
29.000000000000 	 4.000000000000 	 0.000003762183 
29.000000000000 	 5.000000000000 	 0.000004392121 
29.000000000000 	 6.000000000000 	 0.000005005038 
29.000000000000 	 7.000000000000 	 0.000005598558 
29.000000000000 	 8.000000000000 	 0.000006170380 
29.000000000000 	 9.000000000000 	 0.000006718289 
29.000000000000 	 10.000000000000 	 0.000007240161 
29.000000000000 	 11.000000000000 	 0.000007733974 
29.000000000000 	 12.000000000000 	 0.000008197813 
29.000000000000 	 13.000000000000 	 0.000008629881 
29.000000000000 	 14.000000000000 	 0.000009028505 
29.000000000000 	 15.000000000000 	 0.000009392138 
29.000000000000 	 16.000000000000 	 0.000009719371 
29.000000000000 	 17.000000000000 	 0.000010008937 
29.000000000000 	 18.000000000000 	 0.000010259713 
29.000000000000 	 19.000000000000 	 0.000010470727 
29.000000000000 	 20.000000000000 	 0.000010641162 
29.000000000000 	 21.000000000000 	 0.000010770356 
29.000000000000 	 22.000000000000 	 0.000010857810 
29.000000000000 	 23.000000000000 	 0.000010903184 
29.000000000000 	 24.000000000000 	 0.000010906303 
29.000000000000 	 25.000000000000 	 0.000010867154 
29.000000000000 	 26.000000000000 	 0.000010785889 
29.000000000000 	 27.000000000000 	 0.000010662823 
29.000000000000 	 28.000000000000 	 0.000010498433 
29.000000000000 	 29.000000000000 	 0.000010293356 
29.000000000000 	 30.000000000000 	 0.000010048388 
29.000000000000 	 31.000000000000 	 0.000009764476 
29.000000000000 	 32.000000000000 	 0.000009442722 
29.000000000000 	 33.000000000000 	 0.000009084373 
29.000000000000 	 34.000000000000 	 0.000008690817 
29.000000000000 	 35.000000000000 	 0.000008263579 
29.000000000000 	 36.000000000000 	 0.000007804316 
29.000000000000 	 37.000000000000 	 0.000007314807 
29.000000000000 	 38.000000000000 	 0.000006796950 
29.000000000000 	 39.000000000000 	 0.000006252751 

30.000000000000 	 1.000000000000 	 0.000001669111 
30.000000000000 	 2.000000000000 	 0.000002288559 
30.000000000000 	 3.000000000000 	 0.000002899137 
30.000000000000 	 4.000000000000 	 0.000003498480 
30.000000000000 	 5.000000000000 	 0.000004084264 
30.000000000000 	 6.000000000000 	 0.000004654220 
30.000000000000 	 7.000000000000 	 0.000005206138 
30.000000000000 	 8.000000000000 	 0.000005737879 
30.000000000000 	 9.000000000000 	 0.000006247384 
30.000000000000 	 10.000000000000 	 0.000006732676 
30.000000000000 	 11.000000000000 	 0.000007191876 
30.000000000000 	 12.000000000000 	 0.000007623203 
30.000000000000 	 13.000000000000 	 0.000008024987 
30.000000000000 	 14.000000000000 	 0.000008395669 
30.000000000000 	 15.000000000000 	 0.000008733814 
30.000000000000 	 16.000000000000 	 0.000009038111 
30.000000000000 	 17.000000000000 	 0.000009307380 
30.000000000000 	 18.000000000000 	 0.000009540578 
30.000000000000 	 19.000000000000 	 0.000009736802 
30.000000000000 	 20.000000000000 	 0.000009895290 
30.000000000000 	 21.000000000000 	 0.000010015429 
30.000000000000 	 22.000000000000 	 0.000010096753 
30.000000000000 	 23.000000000000 	 0.000010138947 
30.000000000000 	 24.000000000000 	 0.000010141847 
30.000000000000 	 25.000000000000 	 0.000010105442 
30.000000000000 	 26.000000000000 	 0.000010029873 
30.000000000000 	 27.000000000000 	 0.000009915433 
30.000000000000 	 28.000000000000 	 0.000009762566 
30.000000000000 	 29.000000000000 	 0.000009571864 
30.000000000000 	 30.000000000000 	 0.000009344065 
30.000000000000 	 31.000000000000 	 0.000009080054 
30.000000000000 	 32.000000000000 	 0.000008780853 
30.000000000000 	 33.000000000000 	 0.000008447621 
30.000000000000 	 34.000000000000 	 0.000008081651 
30.000000000000 	 35.000000000000 	 0.000007684360 
30.000000000000 	 36.000000000000 	 0.000007257288 
30.000000000000 	 37.000000000000 	 0.000006802090 
30.000000000000 	 38.000000000000 	 0.000006320531 
30.000000000000 	 39.000000000000 	 0.000005814476 

31.000000000000 	 1.000000000000 	 0.000001533009 
31.000000000000 	 2.000000000000 	 0.000002101945 
31.000000000000 	 3.000000000000 	 0.000002662736 
31.000000000000 	 4.000000000000 	 0.000003213208 
31.000000000000 	 5.000000000000 	 0.000003751226 
31.000000000000 	 6.000000000000 	 0.000004274707 
31.000000000000 	 7.000000000000 	 0.000004781620 
31.000000000000 	 8.000000000000 	 0.000005270003 
31.000000000000 	 9.000000000000 	 0.000005737961 
31.000000000000 	 10.000000000000 	 0.000006183682 
31.000000000000 	 11.000000000000 	 0.000006605438 
31.000000000000 	 12.000000000000 	 0.000007001594 
31.000000000000 	 13.000000000000 	 0.000007370615 
31.000000000000 	 14.000000000000 	 0.000007711071 
31.000000000000 	 15.000000000000 	 0.000008021643 
31.000000000000 	 16.000000000000 	 0.000008301127 
31.000000000000 	 17.000000000000 	 0.000008548440 
31.000000000000 	 18.000000000000 	 0.000008762622 
31.000000000000 	 19.000000000000 	 0.000008942846 
31.000000000000 	 20.000000000000 	 0.000009088411 
31.000000000000 	 21.000000000000 	 0.000009198753 
31.000000000000 	 22.000000000000 	 0.000009273446 
31.000000000000 	 23.000000000000 	 0.000009312199 
31.000000000000 	 24.000000000000 	 0.000009314863 
31.000000000000 	 25.000000000000 	 0.000009281426 
31.000000000000 	 26.000000000000 	 0.000009212019 
31.000000000000 	 27.000000000000 	 0.000009106911 
31.000000000000 	 28.000000000000 	 0.000008966509 
31.000000000000 	 29.000000000000 	 0.000008791357 
31.000000000000 	 30.000000000000 	 0.000008582134 
31.000000000000 	 31.000000000000 	 0.000008339650 
31.000000000000 	 32.000000000000 	 0.000008064847 
31.000000000000 	 33.000000000000 	 0.000007758787 
31.000000000000 	 34.000000000000 	 0.000007422659 
31.000000000000 	 35.000000000000 	 0.000007057763 
31.000000000000 	 36.000000000000 	 0.000006665516 
31.000000000000 	 37.000000000000 	 0.000006247436 
31.000000000000 	 38.000000000000 	 0.000005805144 
31.000000000000 	 39.000000000000 	 0.000005340354 

32.000000000000 	 1.000000000000 	 0.000001387455 
32.000000000000 	 2.000000000000 	 0.000001902373 
32.000000000000 	 3.000000000000 	 0.000002409919 
32.000000000000 	 4.000000000000 	 0.000002908125 
32.000000000000 	 5.000000000000 	 0.000003395060 
32.000000000000 	 6.000000000000 	 0.000003868838 
32.000000000000 	 7.000000000000 	 0.000004327622 
32.000000000000 	 8.000000000000 	 0.000004769635 
32.000000000000 	 9.000000000000 	 0.000005193162 
32.000000000000 	 10.000000000000 	 0.000005596563 
32.000000000000 	 11.000000000000 	 0.000005978275 
32.000000000000 	 12.000000000000 	 0.000006336817 
32.000000000000 	 13.000000000000 	 0.000006670801 
32.000000000000 	 14.000000000000 	 0.000006978932 
32.000000000000 	 15.000000000000 	 0.000007260017 
32.000000000000 	 16.000000000000 	 0.000007512964 
32.000000000000 	 17.000000000000 	 0.000007736795 
32.000000000000 	 18.000000000000 	 0.000007930642 
32.000000000000 	 19.000000000000 	 0.000008093754 
32.000000000000 	 20.000000000000 	 0.000008225498 
32.000000000000 	 21.000000000000 	 0.000008325364 
32.000000000000 	 22.000000000000 	 0.000008392965 
32.000000000000 	 23.000000000000 	 0.000008428039 
32.000000000000 	 24.000000000000 	 0.000008430449 
32.000000000000 	 25.000000000000 	 0.000008400187 
32.000000000000 	 26.000000000000 	 0.000008337371 
32.000000000000 	 27.000000000000 	 0.000008242242 
32.000000000000 	 28.000000000000 	 0.000008115171 
32.000000000000 	 29.000000000000 	 0.000007956649 
32.000000000000 	 30.000000000000 	 0.000007767291 
32.000000000000 	 31.000000000000 	 0.000007547830 
32.000000000000 	 32.000000000000 	 0.000007299118 
32.000000000000 	 33.000000000000 	 0.000007022118 
32.000000000000 	 34.000000000000 	 0.000006717904 
32.000000000000 	 35.000000000000 	 0.000006387654 
32.000000000000 	 36.000000000000 	 0.000006032649 
32.000000000000 	 37.000000000000 	 0.000005654264 
32.000000000000 	 38.000000000000 	 0.000005253966 
32.000000000000 	 39.000000000000 	 0.000004833306 

33.000000000000 	 1.000000000000 	 0.000001233347 
33.000000000000 	 2.000000000000 	 0.000001691072 
33.000000000000 	 3.000000000000 	 0.000002142244 
33.000000000000 	 4.000000000000 	 0.000002585113 
33.000000000000 	 5.000000000000 	 0.000003017963 
33.000000000000 	 6.000000000000 	 0.000003439117 
33.000000000000 	 7.000000000000 	 0.000003846943 
33.000000000000 	 8.000000000000 	 0.000004239860 
33.000000000000 	 9.000000000000 	 0.000004616345 
33.000000000000 	 10.000000000000 	 0.000004974940 
33.000000000000 	 11.000000000000 	 0.000005314254 
33.000000000000 	 12.000000000000 	 0.000005632972 
33.000000000000 	 13.000000000000 	 0.000005929860 
33.000000000000 	 14.000000000000 	 0.000006203766 
33.000000000000 	 15.000000000000 	 0.000006453629 
33.000000000000 	 16.000000000000 	 0.000006678482 
33.000000000000 	 17.000000000000 	 0.000006877451 
33.000000000000 	 18.000000000000 	 0.000007049767 
33.000000000000 	 19.000000000000 	 0.000007194762 
33.000000000000 	 20.000000000000 	 0.000007311873 
33.000000000000 	 21.000000000000 	 0.000007400646 
33.000000000000 	 22.000000000000 	 0.000007460739 
33.000000000000 	 23.000000000000 	 0.000007491917 
33.000000000000 	 24.000000000000 	 0.000007494059 
33.000000000000 	 25.000000000000 	 0.000007467159 
33.000000000000 	 26.000000000000 	 0.000007411319 
33.000000000000 	 27.000000000000 	 0.000007326757 
33.000000000000 	 28.000000000000 	 0.000007213800 
33.000000000000 	 29.000000000000 	 0.000007072885 
33.000000000000 	 30.000000000000 	 0.000006904559 
33.000000000000 	 31.000000000000 	 0.000006709475 
33.000000000000 	 32.000000000000 	 0.000006488388 
33.000000000000 	 33.000000000000 	 0.000006242155 
33.000000000000 	 34.000000000000 	 0.000005971730 
33.000000000000 	 35.000000000000 	 0.000005678162 
33.000000000000 	 36.000000000000 	 0.000005362588 
33.000000000000 	 37.000000000000 	 0.000005026231 
33.000000000000 	 38.000000000000 	 0.000004670395 
33.000000000000 	 39.000000000000 	 0.000004296459 

34.000000000000 	 1.000000000000 	 0.000001071635 
34.000000000000 	 2.000000000000 	 0.000001469345 
34.000000000000 	 3.000000000000 	 0.000001861361 
34.000000000000 	 4.000000000000 	 0.000002246162 
34.000000000000 	 5.000000000000 	 0.000002622259 
34.000000000000 	 6.000000000000 	 0.000002988193 
34.000000000000 	 7.000000000000 	 0.000003342546 
34.000000000000 	 8.000000000000 	 0.000003683945 
34.000000000000 	 9.000000000000 	 0.000004011067 
34.000000000000 	 10.000000000000 	 0.000004322644 
34.000000000000 	 11.000000000000 	 0.000004617468 
34.000000000000 	 12.000000000000 	 0.000004894398 
34.000000000000 	 13.000000000000 	 0.000005152359 
34.000000000000 	 14.000000000000 	 0.000005390351 
34.000000000000 	 15.000000000000 	 0.000005607454 
34.000000000000 	 16.000000000000 	 0.000005802824 
34.000000000000 	 17.000000000000 	 0.000005975706 
34.000000000000 	 18.000000000000 	 0.000006125428 
34.000000000000 	 19.000000000000 	 0.000006251411 
34.000000000000 	 20.000000000000 	 0.000006353167 
34.000000000000 	 21.000000000000 	 0.000006430301 
34.000000000000 	 22.000000000000 	 0.000006482514 
34.000000000000 	 23.000000000000 	 0.000006509604 
34.000000000000 	 24.000000000000 	 0.000006511466 
34.000000000000 	 25.000000000000 	 0.000006488093 
34.000000000000 	 26.000000000000 	 0.000006439575 
34.000000000000 	 27.000000000000 	 0.000006366100 
34.000000000000 	 28.000000000000 	 0.000006267953 
34.000000000000 	 29.000000000000 	 0.000006145515 
34.000000000000 	 30.000000000000 	 0.000005999259 
34.000000000000 	 31.000000000000 	 0.000005829754 
34.000000000000 	 32.000000000000 	 0.000005637655 
34.000000000000 	 33.000000000000 	 0.000005423707 
34.000000000000 	 34.000000000000 	 0.000005188739 
34.000000000000 	 35.000000000000 	 0.000004933663 
34.000000000000 	 36.000000000000 	 0.000004659466 
34.000000000000 	 37.000000000000 	 0.000004367211 
34.000000000000 	 38.000000000000 	 0.000004058031 
34.000000000000 	 39.000000000000 	 0.000003733123 

35.000000000000 	 1.000000000000 	 0.000000903316 
35.000000000000 	 2.000000000000 	 0.000001238559 
35.000000000000 	 3.000000000000 	 0.000001569002 
35.000000000000 	 4.000000000000 	 0.000001893364 
35.000000000000 	 5.000000000000 	 0.000002210388 
35.000000000000 	 6.000000000000 	 0.000002518846 
35.000000000000 	 7.000000000000 	 0.000002817542 
35.000000000000 	 8.000000000000 	 0.000003105318 
35.000000000000 	 9.000000000000 	 0.000003381060 
35.000000000000 	 10.000000000000 	 0.000003643698 
35.000000000000 	 11.000000000000 	 0.000003892215 
35.000000000000 	 12.000000000000 	 0.000004125648 
35.000000000000 	 13.000000000000 	 0.000004343091 
35.000000000000 	 14.000000000000 	 0.000004543703 
35.000000000000 	 15.000000000000 	 0.000004726706 
35.000000000000 	 16.000000000000 	 0.000004891390 
35.000000000000 	 17.000000000000 	 0.000005037118 
35.000000000000 	 18.000000000000 	 0.000005163324 
35.000000000000 	 19.000000000000 	 0.000005269519 
35.000000000000 	 20.000000000000 	 0.000005355292 
35.000000000000 	 21.000000000000 	 0.000005420311 
35.000000000000 	 22.000000000000 	 0.000005464323 
35.000000000000 	 23.000000000000 	 0.000005487158 
35.000000000000 	 24.000000000000 	 0.000005488728 
35.000000000000 	 25.000000000000 	 0.000005469026 
35.000000000000 	 26.000000000000 	 0.000005428128 
35.000000000000 	 27.000000000000 	 0.000005366194 
35.000000000000 	 28.000000000000 	 0.000005283463 
35.000000000000 	 29.000000000000 	 0.000005180255 
35.000000000000 	 30.000000000000 	 0.000005056972 
35.000000000000 	 31.000000000000 	 0.000004914090 
35.000000000000 	 32.000000000000 	 0.000004752163 
35.000000000000 	 33.000000000000 	 0.000004571820 
35.000000000000 	 34.000000000000 	 0.000004373758 
35.000000000000 	 35.000000000000 	 0.000004158745 
35.000000000000 	 36.000000000000 	 0.000003927616 
35.000000000000 	 37.000000000000 	 0.000003681265 
35.000000000000 	 38.000000000000 	 0.000003420647 
35.000000000000 	 39.000000000000 	 0.000003146772 

36.000000000000 	 1.000000000000 	 0.000000729428 
36.000000000000 	 2.000000000000 	 0.000001000137 
36.000000000000 	 3.000000000000 	 0.000001266969 
36.000000000000 	 4.000000000000 	 0.000001528892 
36.000000000000 	 5.000000000000 	 0.000001784889 
36.000000000000 	 6.000000000000 	 0.000002033969 
36.000000000000 	 7.000000000000 	 0.000002275166 
36.000000000000 	 8.000000000000 	 0.000002507545 
36.000000000000 	 9.000000000000 	 0.000002730207 
36.000000000000 	 10.000000000000 	 0.000002942287 
36.000000000000 	 11.000000000000 	 0.000003142965 
36.000000000000 	 12.000000000000 	 0.000003331462 
36.000000000000 	 13.000000000000 	 0.000003507048 
36.000000000000 	 14.000000000000 	 0.000003669042 
36.000000000000 	 15.000000000000 	 0.000003816817 
36.000000000000 	 16.000000000000 	 0.000003949799 
36.000000000000 	 17.000000000000 	 0.000004067474 
36.000000000000 	 18.000000000000 	 0.000004169385 
36.000000000000 	 19.000000000000 	 0.000004255138 
36.000000000000 	 20.000000000000 	 0.000004324400 
36.000000000000 	 21.000000000000 	 0.000004376903 
36.000000000000 	 22.000000000000 	 0.000004412443 
36.000000000000 	 23.000000000000 	 0.000004430882 
36.000000000000 	 24.000000000000 	 0.000004432149 
36.000000000000 	 25.000000000000 	 0.000004416240 
36.000000000000 	 26.000000000000 	 0.000004383215 
36.000000000000 	 27.000000000000 	 0.000004333203 
36.000000000000 	 28.000000000000 	 0.000004266398 
36.000000000000 	 29.000000000000 	 0.000004183058 
36.000000000000 	 30.000000000000 	 0.000004083506 
36.000000000000 	 31.000000000000 	 0.000003968129 
36.000000000000 	 32.000000000000 	 0.000003837373 
36.000000000000 	 33.000000000000 	 0.000003691746 
36.000000000000 	 34.000000000000 	 0.000003531811 
36.000000000000 	 35.000000000000 	 0.000003358188 
36.000000000000 	 36.000000000000 	 0.000003171551 
36.000000000000 	 37.000000000000 	 0.000002972622 
36.000000000000 	 38.000000000000 	 0.000002762173 
36.000000000000 	 39.000000000000 	 0.000002541019 

37.000000000000 	 1.000000000000 	 0.000000551043 
37.000000000000 	 2.000000000000 	 0.000000755548 
37.000000000000 	 3.000000000000 	 0.000000957126 
37.000000000000 	 4.000000000000 	 0.000001154994 
37.000000000000 	 5.000000000000 	 0.000001348386 
37.000000000000 	 6.000000000000 	 0.000001536552 
37.000000000000 	 7.000000000000 	 0.000001718763 
37.000000000000 	 8.000000000000 	 0.000001894313 
37.000000000000 	 9.000000000000 	 0.000002062521 
37.000000000000 	 10.000000000000 	 0.000002222736 
37.000000000000 	 11.000000000000 	 0.000002374337 
37.000000000000 	 12.000000000000 	 0.000002516736 
37.000000000000 	 13.000000000000 	 0.000002649382 
37.000000000000 	 14.000000000000 	 0.000002771760 
37.000000000000 	 15.000000000000 	 0.000002883395 
37.000000000000 	 16.000000000000 	 0.000002983856 
37.000000000000 	 17.000000000000 	 0.000003072753 
37.000000000000 	 18.000000000000 	 0.000003149742 
37.000000000000 	 19.000000000000 	 0.000003214523 
37.000000000000 	 20.000000000000 	 0.000003266847 
37.000000000000 	 21.000000000000 	 0.000003306510 
37.000000000000 	 22.000000000000 	 0.000003333358 
37.000000000000 	 23.000000000000 	 0.000003347288 
37.000000000000 	 24.000000000000 	 0.000003348245 
37.000000000000 	 25.000000000000 	 0.000003336227 
37.000000000000 	 26.000000000000 	 0.000003311278 
37.000000000000 	 27.000000000000 	 0.000003273497 
37.000000000000 	 28.000000000000 	 0.000003223029 
37.000000000000 	 29.000000000000 	 0.000003160070 
37.000000000000 	 30.000000000000 	 0.000003084865 
37.000000000000 	 31.000000000000 	 0.000002997704 
37.000000000000 	 32.000000000000 	 0.000002898925 
37.000000000000 	 33.000000000000 	 0.000002788911 
37.000000000000 	 34.000000000000 	 0.000002668089 
37.000000000000 	 35.000000000000 	 0.000002536927 
37.000000000000 	 36.000000000000 	 0.000002395933 
37.000000000000 	 37.000000000000 	 0.000002245653 
37.000000000000 	 38.000000000000 	 0.000002086670 
37.000000000000 	 39.000000000000 	 0.000001919600 

38.000000000000 	 1.000000000000 	 0.000000369260 
38.000000000000 	 2.000000000000 	 0.000000506302 
38.000000000000 	 3.000000000000 	 0.000000641381 
38.000000000000 	 4.000000000000 	 0.000000773975 
38.000000000000 	 5.000000000000 	 0.000000903569 
38.000000000000 	 6.000000000000 	 0.000001029661 
38.000000000000 	 7.000000000000 	 0.000001151763 
38.000000000000 	 8.000000000000 	 0.000001269401 
38.000000000000 	 9.000000000000 	 0.000001382120 
38.000000000000 	 10.000000000000 	 0.000001489482 
38.000000000000 	 11.000000000000 	 0.000001591071 
38.000000000000 	 12.000000000000 	 0.000001686494 
38.000000000000 	 13.000000000000 	 0.000001775382 
38.000000000000 	 14.000000000000 	 0.000001857388 
38.000000000000 	 15.000000000000 	 0.000001932197 
38.000000000000 	 16.000000000000 	 0.000001999517 
38.000000000000 	 17.000000000000 	 0.000002059088 
38.000000000000 	 18.000000000000 	 0.000002110679 
38.000000000000 	 19.000000000000 	 0.000002154090 
38.000000000000 	 20.000000000000 	 0.000002189152 
38.000000000000 	 21.000000000000 	 0.000002215731 
38.000000000000 	 22.000000000000 	 0.000002233722 
38.000000000000 	 23.000000000000 	 0.000002243057 
38.000000000000 	 24.000000000000 	 0.000002243698 
38.000000000000 	 25.000000000000 	 0.000002235644 
38.000000000000 	 26.000000000000 	 0.000002218926 
38.000000000000 	 27.000000000000 	 0.000002193608 
38.000000000000 	 28.000000000000 	 0.000002159789 
38.000000000000 	 29.000000000000 	 0.000002117600 
38.000000000000 	 30.000000000000 	 0.000002067204 
38.000000000000 	 31.000000000000 	 0.000002008796 
38.000000000000 	 32.000000000000 	 0.000001942603 
38.000000000000 	 33.000000000000 	 0.000001868882 
38.000000000000 	 34.000000000000 	 0.000001787918 
38.000000000000 	 35.000000000000 	 0.000001700024 
38.000000000000 	 36.000000000000 	 0.000001605542 
38.000000000000 	 37.000000000000 	 0.000001504838 
38.000000000000 	 38.000000000000 	 0.000001398302 
38.000000000000 	 39.000000000000 	 0.000001286347 

39.000000000000 	 1.000000000000 	 0.000000185201 
39.000000000000 	 2.000000000000 	 0.000000253934 
39.000000000000 	 3.000000000000 	 0.000000321682 
39.000000000000 	 4.000000000000 	 0.000000388184 
39.000000000000 	 5.000000000000 	 0.000000453181 
39.000000000000 	 6.000000000000 	 0.000000516423 
39.000000000000 	 7.000000000000 	 0.000000577662 
39.000000000000 	 8.000000000000 	 0.000000636663 
39.000000000000 	 9.000000000000 	 0.000000693197 
39.000000000000 	 10.000000000000 	 0.000000747044 
39.000000000000 	 11.000000000000 	 0.000000797996 
39.000000000000 	 12.000000000000 	 0.000000845855 
39.000000000000 	 13.000000000000 	 0.000000890436 
39.000000000000 	 14.000000000000 	 0.000000931566 
39.000000000000 	 15.000000000000 	 0.000000969086 
39.000000000000 	 16.000000000000 	 0.000001002850 
39.000000000000 	 17.000000000000 	 0.000001032727 
39.000000000000 	 18.000000000000 	 0.000001058603 
39.000000000000 	 19.000000000000 	 0.000001080375 
39.000000000000 	 20.000000000000 	 0.000001097961 
39.000000000000 	 21.000000000000 	 0.000001111291 
39.000000000000 	 22.000000000000 	 0.000001120315 
39.000000000000 	 23.000000000000 	 0.000001124996 
39.000000000000 	 24.000000000000 	 0.000001125318 
39.000000000000 	 25.000000000000 	 0.000001121279 
39.000000000000 	 26.000000000000 	 0.000001112894 
39.000000000000 	 27.000000000000 	 0.000001100196 
39.000000000000 	 28.000000000000 	 0.000001083234 
39.000000000000 	 29.000000000000 	 0.000001062074 
39.000000000000 	 30.000000000000 	 0.000001036798 
39.000000000000 	 31.000000000000 	 0.000001007504 
39.000000000000 	 32.000000000000 	 0.000000974305 
39.000000000000 	 33.000000000000 	 0.000000937330 
39.000000000000 	 34.000000000000 	 0.000000896723 
39.000000000000 	 35.000000000000 	 0.000000852641 
39.000000000000 	 36.000000000000 	 0.000000805253 
39.000000000000 	 37.000000000000 	 0.000000754746 
39.000000000000 	 38.000000000000 	 0.000000701313 
39.000000000000 	 39.000000000000 	 0.000000645162 

