1.000000000000 	 1.000000000000 	 0.000588019405 
1.000000000000 	 2.000000000000 	 0.000806119482 
1.000000000000 	 3.000000000000 	 0.001020921391 
1.000000000000 	 4.000000000000 	 0.001231550201 
1.000000000000 	 5.000000000000 	 0.001437151194 
1.000000000000 	 6.000000000000 	 0.001636893871 
1.000000000000 	 7.000000000000 	 0.001829975778 
1.000000000000 	 8.000000000000 	 0.002015626107 
1.000000000000 	 9.000000000000 	 0.002193109056 
1.000000000000 	 10.000000000000 	 0.002361726930 
1.000000000000 	 11.000000000000 	 0.002520822973 
1.000000000000 	 12.000000000000 	 0.002669783903 
1.000000000000 	 13.000000000000 	 0.002808042160 
1.000000000000 	 14.000000000000 	 0.002935077858 
1.000000000000 	 15.000000000000 	 0.003050420434 
1.000000000000 	 16.000000000000 	 0.003153650012 
1.000000000000 	 17.000000000000 	 0.003244398470 
1.000000000000 	 18.000000000000 	 0.003322350238 
1.000000000000 	 19.000000000000 	 0.003387242825 
1.000000000000 	 20.000000000000 	 0.003438867094 
1.000000000000 	 21.000000000000 	 0.003477067297 
1.000000000000 	 22.000000000000 	 0.003501740889 
1.000000000000 	 23.000000000000 	 0.003512838133 
1.000000000000 	 24.000000000000 	 0.003510361514 
1.000000000000 	 25.000000000000 	 0.003494364972 
1.000000000000 	 26.000000000000 	 0.003464952984 
1.000000000000 	 27.000000000000 	 0.003422279490 
1.000000000000 	 28.000000000000 	 0.003366546692 
1.000000000000 	 29.000000000000 	 0.003298003724 
1.000000000000 	 30.000000000000 	 0.003216945222 
1.000000000000 	 31.000000000000 	 0.003123709785 
1.000000000000 	 32.000000000000 	 0.003018678350 
1.000000000000 	 33.000000000000 	 0.002902272478 
1.000000000000 	 34.000000000000 	 0.002774952568 
1.000000000000 	 35.000000000000 	 0.002637215996 
1.000000000000 	 36.000000000000 	 0.002489595189 
1.000000000000 	 37.000000000000 	 0.002332655636 
1.000000000000 	 38.000000000000 	 0.002166993846 
1.000000000000 	 39.000000000000 	 0.001993235248 

2.000000000000 	 1.000000000000 	 0.001172251790 
2.000000000000 	 2.000000000000 	 0.001607047314 
2.000000000000 	 3.000000000000 	 0.002035267743 
2.000000000000 	 4.000000000000 	 0.002455168851 
2.000000000000 	 5.000000000000 	 0.002865046705 
2.000000000000 	 6.000000000000 	 0.003263245656 
2.000000000000 	 7.000000000000 	 0.003648165966 
2.000000000000 	 8.000000000000 	 0.004018270980 
2.000000000000 	 9.000000000000 	 0.004372093833 
2.000000000000 	 10.000000000000 	 0.004708243632 
2.000000000000 	 11.000000000000 	 0.005025411092 
2.000000000000 	 12.000000000000 	 0.005322373598 
2.000000000000 	 13.000000000000 	 0.005597999686 
2.000000000000 	 14.000000000000 	 0.005851252933 
2.000000000000 	 15.000000000000 	 0.006081195245 
2.000000000000 	 16.000000000000 	 0.006286989571 
2.000000000000 	 17.000000000000 	 0.006467902038 
2.000000000000 	 18.000000000000 	 0.006623303541 
2.000000000000 	 19.000000000000 	 0.006752670786 
2.000000000000 	 20.000000000000 	 0.006855586847 
2.000000000000 	 21.000000000000 	 0.006931741231 
2.000000000000 	 22.000000000000 	 0.006980929509 
2.000000000000 	 23.000000000000 	 0.007003052528 
2.000000000000 	 24.000000000000 	 0.006998115238 
2.000000000000 	 25.000000000000 	 0.006966225176 
2.000000000000 	 26.000000000000 	 0.006907590622 
2.000000000000 	 27.000000000000 	 0.006822518464 
2.000000000000 	 28.000000000000 	 0.006711411803 
2.000000000000 	 29.000000000000 	 0.006574767303 
2.000000000000 	 30.000000000000 	 0.006413172340 
2.000000000000 	 31.000000000000 	 0.006227301931 
2.000000000000 	 32.000000000000 	 0.006017915494 
2.000000000000 	 33.000000000000 	 0.005785853439 
2.000000000000 	 34.000000000000 	 0.005532033599 
2.000000000000 	 35.000000000000 	 0.005257447520 
2.000000000000 	 36.000000000000 	 0.004963156628 
2.000000000000 	 37.000000000000 	 0.004650288260 
2.000000000000 	 38.000000000000 	 0.004320031592 
2.000000000000 	 39.000000000000 	 0.003973633454 

3.000000000000 	 1.000000000000 	 0.001748937862 
3.000000000000 	 2.000000000000 	 0.002397629858 
3.000000000000 	 3.000000000000 	 0.003036512160 
3.000000000000 	 4.000000000000 	 0.003662982474 
3.000000000000 	 5.000000000000 	 0.004274498619 
3.000000000000 	 6.000000000000 	 0.004868590458 
3.000000000000 	 7.000000000000 	 0.005442871264 
3.000000000000 	 8.000000000000 	 0.005995048430 
3.000000000000 	 9.000000000000 	 0.006522933470 
3.000000000000 	 10.000000000000 	 0.007024451245 
3.000000000000 	 11.000000000000 	 0.007497648369 
3.000000000000 	 12.000000000000 	 0.007940700768 
3.000000000000 	 13.000000000000 	 0.008351920359 
3.000000000000 	 14.000000000000 	 0.008729760848 
3.000000000000 	 15.000000000000 	 0.009072822651 
3.000000000000 	 16.000000000000 	 0.009379856931 
3.000000000000 	 17.000000000000 	 0.009649768792 
3.000000000000 	 18.000000000000 	 0.009881619638 
3.000000000000 	 19.000000000000 	 0.010074628744 
3.000000000000 	 20.000000000000 	 0.010228174078 
3.000000000000 	 21.000000000000 	 0.010341792401 
3.000000000000 	 22.000000000000 	 0.010415178717 
3.000000000000 	 23.000000000000 	 0.010448185092 
3.000000000000 	 24.000000000000 	 0.010440818915 
3.000000000000 	 25.000000000000 	 0.010393240622 
3.000000000000 	 26.000000000000 	 0.010305760957 
3.000000000000 	 27.000000000000 	 0.010178837783 
3.000000000000 	 28.000000000000 	 0.010013072501 
3.000000000000 	 29.000000000000 	 0.009809206113 
3.000000000000 	 30.000000000000 	 0.009568114948 
3.000000000000 	 31.000000000000 	 0.009290806097 
3.000000000000 	 32.000000000000 	 0.008978412574 
3.000000000000 	 33.000000000000 	 0.008632188225 
3.000000000000 	 34.000000000000 	 0.008253502407 
3.000000000000 	 35.000000000000 	 0.007843834457 
3.000000000000 	 36.000000000000 	 0.007404767964 
3.000000000000 	 37.000000000000 	 0.006937984858 
3.000000000000 	 38.000000000000 	 0.006445259325 
3.000000000000 	 39.000000000000 	 0.005928451569 

4.000000000000 	 1.000000000000 	 0.002314373484 
4.000000000000 	 2.000000000000 	 0.003172789091 
4.000000000000 	 3.000000000000 	 0.004018223506 
4.000000000000 	 4.000000000000 	 0.004847233109 
4.000000000000 	 5.000000000000 	 0.005656453825 
4.000000000000 	 6.000000000000 	 0.006442616918 
4.000000000000 	 7.000000000000 	 0.007202564024 
4.000000000000 	 8.000000000000 	 0.007933261332 
4.000000000000 	 9.000000000000 	 0.008631812813 
4.000000000000 	 10.000000000000 	 0.009295472433 
4.000000000000 	 11.000000000000 	 0.009921655270 
4.000000000000 	 12.000000000000 	 0.010507947523 
4.000000000000 	 13.000000000000 	 0.011052115346 
4.000000000000 	 14.000000000000 	 0.011552112528 
4.000000000000 	 15.000000000000 	 0.012006086995 
4.000000000000 	 16.000000000000 	 0.012412386158 
4.000000000000 	 17.000000000000 	 0.012769561139 
4.000000000000 	 18.000000000000 	 0.013076369890 
4.000000000000 	 19.000000000000 	 0.013331779279 
4.000000000000 	 20.000000000000 	 0.013534966167 
4.000000000000 	 21.000000000000 	 0.013685317551 
4.000000000000 	 22.000000000000 	 0.013782429827 
4.000000000000 	 23.000000000000 	 0.013826107236 
4.000000000000 	 24.000000000000 	 0.013816359553 
4.000000000000 	 25.000000000000 	 0.013753399086 
4.000000000000 	 26.000000000000 	 0.013637637042 
4.000000000000 	 27.000000000000 	 0.013469679313 
4.000000000000 	 28.000000000000 	 0.013250321734 
4.000000000000 	 29.000000000000 	 0.012980544874 
4.000000000000 	 30.000000000000 	 0.012661508382 
4.000000000000 	 31.000000000000 	 0.012294544944 
4.000000000000 	 32.000000000000 	 0.011881153880 
4.000000000000 	 33.000000000000 	 0.011422994406 
4.000000000000 	 34.000000000000 	 0.010921878595 
4.000000000000 	 35.000000000000 	 0.010379764060 
4.000000000000 	 36.000000000000 	 0.009798746366 
4.000000000000 	 37.000000000000 	 0.009181051215 
4.000000000000 	 38.000000000000 	 0.008529026391 
4.000000000000 	 39.000000000000 	 0.007845133507 

5.000000000000 	 1.000000000000 	 0.002864936507 
5.000000000000 	 2.000000000000 	 0.003927559383 
5.000000000000 	 3.000000000000 	 0.004974112990 
5.000000000000 	 4.000000000000 	 0.006000334510 
5.000000000000 	 5.000000000000 	 0.007002059592 
5.000000000000 	 6.000000000000 	 0.007975241905 
5.000000000000 	 7.000000000000 	 0.008915971747 
5.000000000000 	 8.000000000000 	 0.009820493597 
5.000000000000 	 9.000000000000 	 0.010685222495 
5.000000000000 	 10.000000000000 	 0.011506759155 
5.000000000000 	 11.000000000000 	 0.012281903734 
5.000000000000 	 12.000000000000 	 0.013007668213 
5.000000000000 	 13.000000000000 	 0.013681287342 
5.000000000000 	 14.000000000000 	 0.014300228138 
5.000000000000 	 15.000000000000 	 0.014862197939 
5.000000000000 	 16.000000000000 	 0.015365151027 
5.000000000000 	 17.000000000000 	 0.015807293850 
5.000000000000 	 18.000000000000 	 0.016187088893 
5.000000000000 	 19.000000000000 	 0.016503257253 
5.000000000000 	 20.000000000000 	 0.016754779974 
5.000000000000 	 21.000000000000 	 0.016940898229 
5.000000000000 	 22.000000000000 	 0.017061112401 
5.000000000000 	 23.000000000000 	 0.017115180161 
5.000000000000 	 24.000000000000 	 0.017103113610 
5.000000000000 	 25.000000000000 	 0.017025175563 
5.000000000000 	 26.000000000000 	 0.016881875047 
5.000000000000 	 27.000000000000 	 0.016673962089 
5.000000000000 	 28.000000000000 	 0.016402421845 
5.000000000000 	 29.000000000000 	 0.016068468149 
5.000000000000 	 30.000000000000 	 0.015673536518 
5.000000000000 	 31.000000000000 	 0.015219276669 
5.000000000000 	 32.000000000000 	 0.014707544593 
5.000000000000 	 33.000000000000 	 0.014140394214 
5.000000000000 	 34.000000000000 	 0.013520068678 
5.000000000000 	 35.000000000000 	 0.012848991289 
5.000000000000 	 36.000000000000 	 0.012129756126 
5.000000000000 	 37.000000000000 	 0.011365118357 
5.000000000000 	 38.000000000000 	 0.010557984280 
5.000000000000 	 39.000000000000 	 0.009711401095 

6.000000000000 	 1.000000000000 	 0.003397112721 
6.000000000000 	 2.000000000000 	 0.004657123084 
6.000000000000 	 3.000000000000 	 0.005898079232 
6.000000000000 	 4.000000000000 	 0.007114926504 
6.000000000000 	 5.000000000000 	 0.008302727004 
6.000000000000 	 6.000000000000 	 0.009456682772 
6.000000000000 	 7.000000000000 	 0.010572157860 
6.000000000000 	 8.000000000000 	 0.011644699141 
6.000000000000 	 9.000000000000 	 0.012670055731 
6.000000000000 	 10.000000000000 	 0.013644196908 
6.000000000000 	 11.000000000000 	 0.014563328444 
6.000000000000 	 12.000000000000 	 0.015423907279 
6.000000000000 	 13.000000000000 	 0.016222654505 
6.000000000000 	 14.000000000000 	 0.016956566625 
6.000000000000 	 15.000000000000 	 0.017622925105 
6.000000000000 	 16.000000000000 	 0.018219304223 
6.000000000000 	 17.000000000000 	 0.018743577266 
6.000000000000 	 18.000000000000 	 0.019193921119 
6.000000000000 	 19.000000000000 	 0.019568819315 
6.000000000000 	 20.000000000000 	 0.019867063624 
6.000000000000 	 21.000000000000 	 0.020087754262 
6.000000000000 	 22.000000000000 	 0.020230298806 
6.000000000000 	 23.000000000000 	 0.020294409913 
6.000000000000 	 24.000000000000 	 0.020280101933 
6.000000000000 	 25.000000000000 	 0.020187686500 
6.000000000000 	 26.000000000000 	 0.020017767195 
6.000000000000 	 27.000000000000 	 0.019771233366 
6.000000000000 	 28.000000000000 	 0.019449253167 
6.000000000000 	 29.000000000000 	 0.019053265908 
6.000000000000 	 30.000000000000 	 0.018584973760 
6.000000000000 	 31.000000000000 	 0.018046332885 
6.000000000000 	 32.000000000000 	 0.017439544030 
6.000000000000 	 33.000000000000 	 0.016767042649 
6.000000000000 	 34.000000000000 	 0.016031488562 
6.000000000000 	 35.000000000000 	 0.015235755214 
6.000000000000 	 36.000000000000 	 0.014382918546 
6.000000000000 	 37.000000000000 	 0.013476245515 
6.000000000000 	 38.000000000000 	 0.012519182274 
6.000000000000 	 39.000000000000 	 0.011515342060 

7.000000000000 	 1.000000000000 	 0.003907520672 
7.000000000000 	 2.000000000000 	 0.005356844536 
7.000000000000 	 3.000000000000 	 0.006784251335 
7.000000000000 	 4.000000000000 	 0.008183926959 
7.000000000000 	 5.000000000000 	 0.009550191601 
7.000000000000 	 6.000000000000 	 0.010877526422 
7.000000000000 	 7.000000000000 	 0.012160598933 
7.000000000000 	 8.000000000000 	 0.013394286935 
7.000000000000 	 9.000000000000 	 0.014573700860 
7.000000000000 	 10.000000000000 	 0.015694204380 
7.000000000000 	 11.000000000000 	 0.016751433191 
7.000000000000 	 12.000000000000 	 0.017741311900 
7.000000000000 	 13.000000000000 	 0.018660068950 
7.000000000000 	 14.000000000000 	 0.019504249575 
7.000000000000 	 15.000000000000 	 0.020270726789 
7.000000000000 	 16.000000000000 	 0.020956710411 
7.000000000000 	 17.000000000000 	 0.021559754195 
7.000000000000 	 18.000000000000 	 0.022077761107 
7.000000000000 	 19.000000000000 	 0.022508986835 
7.000000000000 	 20.000000000000 	 0.022852041617 
7.000000000000 	 21.000000000000 	 0.023105890476 
7.000000000000 	 22.000000000000 	 0.023269851981 
7.000000000000 	 23.000000000000 	 0.023343595616 
7.000000000000 	 24.000000000000 	 0.023327137887 
7.000000000000 	 25.000000000000 	 0.023220837251 
7.000000000000 	 26.000000000000 	 0.023025387975 
7.000000000000 	 27.000000000000 	 0.022741813030 
7.000000000000 	 28.000000000000 	 0.022371456083 
7.000000000000 	 29.000000000000 	 0.021915972696 
7.000000000000 	 30.000000000000 	 0.021377320787 
7.000000000000 	 31.000000000000 	 0.020757750426 
7.000000000000 	 32.000000000000 	 0.020059793020 
7.000000000000 	 33.000000000000 	 0.019286249941 
7.000000000000 	 34.000000000000 	 0.018440180641 
7.000000000000 	 35.000000000000 	 0.017524890294 
7.000000000000 	 36.000000000000 	 0.016543916993 
7.000000000000 	 37.000000000000 	 0.015501018547 
7.000000000000 	 38.000000000000 	 0.014400158887 
7.000000000000 	 39.000000000000 	 0.013245494128 

8.000000000000 	 1.000000000000 	 0.004392935086 
8.000000000000 	 2.000000000000 	 0.006022302193 
8.000000000000 	 3.000000000000 	 0.007627029572 
8.000000000000 	 4.000000000000 	 0.009200580849 
8.000000000000 	 5.000000000000 	 0.010736570643 
8.000000000000 	 6.000000000000 	 0.012228794531 
8.000000000000 	 7.000000000000 	 0.013671257592 
8.000000000000 	 8.000000000000 	 0.015058201319 
8.000000000000 	 9.000000000000 	 0.016384128732 
8.000000000000 	 10.000000000000 	 0.017643827554 
8.000000000000 	 11.000000000000 	 0.018832391323 
8.000000000000 	 12.000000000000 	 0.019945238375 
8.000000000000 	 13.000000000000 	 0.020978128631 
8.000000000000 	 14.000000000000 	 0.021927178154 
8.000000000000 	 15.000000000000 	 0.022788871506 
8.000000000000 	 16.000000000000 	 0.023560071895 
8.000000000000 	 17.000000000000 	 0.024238029187 
8.000000000000 	 18.000000000000 	 0.024820385844 
8.000000000000 	 19.000000000000 	 0.025305180865 
8.000000000000 	 20.000000000000 	 0.025690851845 
8.000000000000 	 21.000000000000 	 0.025976235236 
8.000000000000 	 22.000000000000 	 0.026160564956 
8.000000000000 	 23.000000000000 	 0.026243469431 
8.000000000000 	 24.000000000000 	 0.026224967218 
8.000000000000 	 25.000000000000 	 0.026105461302 
8.000000000000 	 26.000000000000 	 0.025885732198 
8.000000000000 	 27.000000000000 	 0.025566929955 
8.000000000000 	 28.000000000000 	 0.025150565159 
8.000000000000 	 29.000000000000 	 0.024638499035 
8.000000000000 	 30.000000000000 	 0.024032932725 
8.000000000000 	 31.000000000000 	 0.023336395816 
8.000000000000 	 32.000000000000 	 0.022551734179 
8.000000000000 	 33.000000000000 	 0.021682097189 
8.000000000000 	 34.000000000000 	 0.020730924362 
8.000000000000 	 35.000000000000 	 0.019701931458 
8.000000000000 	 36.000000000000 	 0.018599096093 
8.000000000000 	 37.000000000000 	 0.017426642891 
8.000000000000 	 38.000000000000 	 0.016189028206 
8.000000000000 	 39.000000000000 	 0.014890924448 

9.000000000000 	 1.000000000000 	 0.004850308706 
9.000000000000 	 2.000000000000 	 0.006649318550 
9.000000000000 	 3.000000000000 	 0.008421123281 
9.000000000000 	 4.000000000000 	 0.010158505988 
9.000000000000 	 5.000000000000 	 0.011854416468 
9.000000000000 	 6.000000000000 	 0.013502004322 
9.000000000000 	 7.000000000000 	 0.015094650463 
9.000000000000 	 8.000000000000 	 0.016625996832 
9.000000000000 	 9.000000000000 	 0.018089974129 
9.000000000000 	 10.000000000000 	 0.019480827394 
9.000000000000 	 11.000000000000 	 0.020793139328 
9.000000000000 	 12.000000000000 	 0.022021851243 
9.000000000000 	 13.000000000000 	 0.023162281599 
9.000000000000 	 14.000000000000 	 0.024210142084 
9.000000000000 	 15.000000000000 	 0.025161551246 
9.000000000000 	 16.000000000000 	 0.026013045702 
9.000000000000 	 17.000000000000 	 0.026761588990 
9.000000000000 	 18.000000000000 	 0.027404578112 
9.000000000000 	 19.000000000000 	 0.027939847899 
9.000000000000 	 20.000000000000 	 0.028365673273 
9.000000000000 	 21.000000000000 	 0.028680769544 
9.000000000000 	 22.000000000000 	 0.028884290869 
9.000000000000 	 23.000000000000 	 0.028975826988 
9.000000000000 	 24.000000000000 	 0.028955398388 
9.000000000000 	 25.000000000000 	 0.028823450014 
9.000000000000 	 26.000000000000 	 0.028580843645 
9.000000000000 	 27.000000000000 	 0.028228849067 
9.000000000000 	 28.000000000000 	 0.027769134141 
9.000000000000 	 29.000000000000 	 0.027203753878 
9.000000000000 	 30.000000000000 	 0.026535138591 
9.000000000000 	 31.000000000000 	 0.025766081238 
9.000000000000 	 32.000000000000 	 0.024899723989 
9.000000000000 	 33.000000000000 	 0.023939544121 
9.000000000000 	 34.000000000000 	 0.022889339254 
9.000000000000 	 35.000000000000 	 0.021753212019 
9.000000000000 	 36.000000000000 	 0.020535554165 
9.000000000000 	 37.000000000000 	 0.019241030164 
9.000000000000 	 38.000000000000 	 0.017874560347 
9.000000000000 	 39.000000000000 	 0.016441303595 

10.000000000000 	 1.000000000000 	 0.005276792341 
10.000000000000 	 2.000000000000 	 0.007233987633 
10.000000000000 	 3.000000000000 	 0.009161585688 
10.000000000000 	 4.000000000000 	 0.011051735016 
10.000000000000 	 5.000000000000 	 0.012896765498 
10.000000000000 	 6.000000000000 	 0.014689224384 
10.000000000000 	 7.000000000000 	 0.016421910575 
10.000000000000 	 8.000000000000 	 0.018087906954 
10.000000000000 	 9.000000000000 	 0.019680610552 
10.000000000000 	 10.000000000000 	 0.021193760381 
10.000000000000 	 11.000000000000 	 0.022621462802 
10.000000000000 	 12.000000000000 	 0.023958214322 
10.000000000000 	 13.000000000000 	 0.025198921757 
10.000000000000 	 14.000000000000 	 0.026338919728 
10.000000000000 	 15.000000000000 	 0.027373985489 
10.000000000000 	 16.000000000000 	 0.028300351126 
10.000000000000 	 17.000000000000 	 0.029114713183 
10.000000000000 	 18.000000000000 	 0.029814239784 
10.000000000000 	 19.000000000000 	 0.030396575378 
10.000000000000 	 20.000000000000 	 0.030859843202 
10.000000000000 	 21.000000000000 	 0.031202645607 
10.000000000000 	 22.000000000000 	 0.031424062372 
10.000000000000 	 23.000000000000 	 0.031523647167 
10.000000000000 	 24.000000000000 	 0.031501422281 
10.000000000000 	 25.000000000000 	 0.031357871780 
10.000000000000 	 26.000000000000 	 0.031093933221 
10.000000000000 	 27.000000000000 	 0.030710988040 
10.000000000000 	 28.000000000000 	 0.030210850754 
10.000000000000 	 29.000000000000 	 0.029595757066 
10.000000000000 	 30.000000000000 	 0.028868350988 
10.000000000000 	 31.000000000000 	 0.028031671059 
10.000000000000 	 32.000000000000 	 0.027089135738 
10.000000000000 	 33.000000000000 	 0.026044528054 
10.000000000000 	 34.000000000000 	 0.024901979552 
10.000000000000 	 35.000000000000 	 0.023665953602 
10.000000000000 	 36.000000000000 	 0.022341228115 
10.000000000000 	 37.000000000000 	 0.020932877708 
10.000000000000 	 38.000000000000 	 0.019446255351 
10.000000000000 	 39.000000000000 	 0.017886973542 

11.000000000000 	 1.000000000000 	 0.005669752986 
11.000000000000 	 2.000000000000 	 0.007772699838 
11.000000000000 	 3.000000000000 	 0.009843845358 
11.000000000000 	 4.000000000000 	 0.011874753358 
11.000000000000 	 5.000000000000 	 0.013857182527 
11.000000000000 	 6.000000000000 	 0.015783125111 
11.000000000000 	 7.000000000000 	 0.017644843750 
11.000000000000 	 8.000000000000 	 0.019434906211 
11.000000000000 	 9.000000000000 	 0.021146217804 
11.000000000000 	 10.000000000000 	 0.022772051287 
11.000000000000 	 11.000000000000 	 0.024306074126 
11.000000000000 	 12.000000000000 	 0.025742372984 
11.000000000000 	 13.000000000000 	 0.027075475391 
11.000000000000 	 14.000000000000 	 0.028300368537 
11.000000000000 	 15.000000000000 	 0.029412515211 
11.000000000000 	 16.000000000000 	 0.030407866907 
11.000000000000 	 17.000000000000 	 0.031282874158 
11.000000000000 	 18.000000000000 	 0.032034494203 
11.000000000000 	 19.000000000000 	 0.032660196072 
11.000000000000 	 20.000000000000 	 0.033157963242 
11.000000000000 	 21.000000000000 	 0.033526293982 
11.000000000000 	 22.000000000000 	 0.033764199544 
11.000000000000 	 23.000000000000 	 0.033871200357 
11.000000000000 	 24.000000000000 	 0.033847320373 
11.000000000000 	 25.000000000000 	 0.033693079706 
11.000000000000 	 26.000000000000 	 0.033409485731 
11.000000000000 	 27.000000000000 	 0.032998022762 
11.000000000000 	 28.000000000000 	 0.032460640440 
11.000000000000 	 29.000000000000 	 0.031799740963 
11.000000000000 	 30.000000000000 	 0.031018165240 
11.000000000000 	 31.000000000000 	 0.030119178087 
11.000000000000 	 32.000000000000 	 0.029106452537 
11.000000000000 	 33.000000000000 	 0.027984053340 
11.000000000000 	 34.000000000000 	 0.026756419713 
11.000000000000 	 35.000000000000 	 0.025428347413 
11.000000000000 	 36.000000000000 	 0.024004970160 
11.000000000000 	 37.000000000000 	 0.022491740475 
11.000000000000 	 38.000000000000 	 0.020894409962 
11.000000000000 	 39.000000000000 	 0.019219009079 

12.000000000000 	 1.000000000000 	 0.006026789895 
12.000000000000 	 2.000000000000 	 0.008262163970 
12.000000000000 	 3.000000000000 	 0.010463734110 
12.000000000000 	 4.000000000000 	 0.012622532883 
12.000000000000 	 5.000000000000 	 0.014729800003 
12.000000000000 	 6.000000000000 	 0.016777023451 
12.000000000000 	 7.000000000000 	 0.018755978627 
12.000000000000 	 8.000000000000 	 0.020658765275 
12.000000000000 	 9.000000000000 	 0.022477841935 
12.000000000000 	 10.000000000000 	 0.024206057737 
12.000000000000 	 11.000000000000 	 0.025836681373 
12.000000000000 	 12.000000000000 	 0.027363427130 
12.000000000000 	 13.000000000000 	 0.028780477924 
12.000000000000 	 14.000000000000 	 0.030082505279 
12.000000000000 	 15.000000000000 	 0.031264686267 
12.000000000000 	 16.000000000000 	 0.032322717435 
12.000000000000 	 17.000000000000 	 0.033252825802 
12.000000000000 	 18.000000000000 	 0.034051776996 
12.000000000000 	 19.000000000000 	 0.034716880669 
12.000000000000 	 20.000000000000 	 0.035245993313 
12.000000000000 	 21.000000000000 	 0.035637518627 
12.000000000000 	 22.000000000000 	 0.035890405603 
12.000000000000 	 23.000000000000 	 0.036004144471 
12.000000000000 	 24.000000000000 	 0.035978760689 
12.000000000000 	 25.000000000000 	 0.035814807125 
12.000000000000 	 26.000000000000 	 0.035513354594 
12.000000000000 	 27.000000000000 	 0.035075980876 
12.000000000000 	 28.000000000000 	 0.034504758389 
12.000000000000 	 29.000000000000 	 0.033802240601 
12.000000000000 	 30.000000000000 	 0.032971447321 
12.000000000000 	 31.000000000000 	 0.032015848956 
12.000000000000 	 32.000000000000 	 0.030939349840 
12.000000000000 	 33.000000000000 	 0.029746270688 
12.000000000000 	 34.000000000000 	 0.028441330265 
12.000000000000 	 35.000000000000 	 0.027029626326 
12.000000000000 	 36.000000000000 	 0.025516615874 
12.000000000000 	 37.000000000000 	 0.023908094787 
12.000000000000 	 38.000000000000 	 0.022210176859 
12.000000000000 	 39.000000000000 	 0.020429272300 

13.000000000000 	 1.000000000000 	 0.006345748528 
13.000000000000 	 2.000000000000 	 0.008699426354 
13.000000000000 	 3.000000000000 	 0.011017511222 
13.000000000000 	 4.000000000000 	 0.013290561112 
13.000000000000 	 5.000000000000 	 0.015509352114 
13.000000000000 	 6.000000000000 	 0.017664921721 
13.000000000000 	 7.000000000000 	 0.019748610060 
13.000000000000 	 8.000000000000 	 0.021752098765 
13.000000000000 	 9.000000000000 	 0.023667447256 
13.000000000000 	 10.000000000000 	 0.025487126215 
13.000000000000 	 11.000000000000 	 0.027204048089 
13.000000000000 	 12.000000000000 	 0.028811594504 
13.000000000000 	 13.000000000000 	 0.030303640516 
13.000000000000 	 14.000000000000 	 0.031674575647 
13.000000000000 	 15.000000000000 	 0.032919321724 
13.000000000000 	 16.000000000000 	 0.034033347541 
13.000000000000 	 17.000000000000 	 0.035012680438 
13.000000000000 	 18.000000000000 	 0.035853914869 
13.000000000000 	 19.000000000000 	 0.036554218103 
13.000000000000 	 20.000000000000 	 0.037111333192 
13.000000000000 	 21.000000000000 	 0.037523579354 
13.000000000000 	 22.000000000000 	 0.037789849957 
13.000000000000 	 23.000000000000 	 0.037909608254 
13.000000000000 	 24.000000000000 	 0.037882881050 
13.000000000000 	 25.000000000000 	 0.037710250474 
13.000000000000 	 26.000000000000 	 0.037392844010 
13.000000000000 	 27.000000000000 	 0.036932322944 
13.000000000000 	 28.000000000000 	 0.036330869370 
13.000000000000 	 29.000000000000 	 0.035591171897 
13.000000000000 	 30.000000000000 	 0.034716410150 
13.000000000000 	 31.000000000000 	 0.033710238207 
13.000000000000 	 32.000000000000 	 0.032576767028 
13.000000000000 	 33.000000000000 	 0.031320545998 
13.000000000000 	 34.000000000000 	 0.029946543614 
13.000000000000 	 35.000000000000 	 0.028460127423 
13.000000000000 	 36.000000000000 	 0.026867043231 
13.000000000000 	 37.000000000000 	 0.025173393653 
13.000000000000 	 38.000000000000 	 0.023385616047 
13.000000000000 	 39.000000000000 	 0.021510459873 

14.000000000000 	 1.000000000000 	 0.006624732318 
14.000000000000 	 2.000000000000 	 0.009081886976 
14.000000000000 	 3.000000000000 	 0.011501883869 
14.000000000000 	 4.000000000000 	 0.013874865869 
14.000000000000 	 5.000000000000 	 0.016191203547 
14.000000000000 	 6.000000000000 	 0.018441540369 
14.000000000000 	 7.000000000000 	 0.020616835740 
14.000000000000 	 8.000000000000 	 0.022708405586 
14.000000000000 	 9.000000000000 	 0.024707960229 
14.000000000000 	 10.000000000000 	 0.026607639332 
14.000000000000 	 11.000000000000 	 0.028400043745 
14.000000000000 	 12.000000000000 	 0.030078264127 
14.000000000000 	 13.000000000000 	 0.031635906256 
14.000000000000 	 14.000000000000 	 0.033067112998 
14.000000000000 	 15.000000000000 	 0.034366582920 
14.000000000000 	 16.000000000000 	 0.035529585612 
14.000000000000 	 17.000000000000 	 0.036551973757 
14.000000000000 	 18.000000000000 	 0.037430192091 
14.000000000000 	 19.000000000000 	 0.038161283345 
14.000000000000 	 20.000000000000 	 0.038742891346 
14.000000000000 	 21.000000000000 	 0.039173261421 
14.000000000000 	 22.000000000000 	 0.039451238284 
14.000000000000 	 23.000000000000 	 0.039576261593 
14.000000000000 	 24.000000000000 	 0.039548359331 
14.000000000000 	 25.000000000000 	 0.039368139221 
14.000000000000 	 26.000000000000 	 0.039036778315 
14.000000000000 	 27.000000000000 	 0.038556010935 
14.000000000000 	 28.000000000000 	 0.037928115112 
14.000000000000 	 29.000000000000 	 0.037155897653 
14.000000000000 	 30.000000000000 	 0.036242677975 
14.000000000000 	 31.000000000000 	 0.035192270801 
14.000000000000 	 32.000000000000 	 0.034008967827 
14.000000000000 	 33.000000000000 	 0.032697518444 
14.000000000000 	 34.000000000000 	 0.031263109586 
14.000000000000 	 35.000000000000 	 0.029711344778 
14.000000000000 	 36.000000000000 	 0.028048222432 
14.000000000000 	 37.000000000000 	 0.026280113458 
14.000000000000 	 38.000000000000 	 0.024413738227 
14.000000000000 	 39.000000000000 	 0.022456142930 

15.000000000000 	 1.000000000000 	 0.006862112248 
15.000000000000 	 2.000000000000 	 0.009407312606 
15.000000000000 	 3.000000000000 	 0.011914023746 
15.000000000000 	 4.000000000000 	 0.014372035335 
15.000000000000 	 5.000000000000 	 0.016771372898 
15.000000000000 	 6.000000000000 	 0.019102344636 
15.000000000000 	 7.000000000000 	 0.021355586005 
15.000000000000 	 8.000000000000 	 0.023522101761 
15.000000000000 	 9.000000000000 	 0.025593305188 
15.000000000000 	 10.000000000000 	 0.027561054293 
15.000000000000 	 11.000000000000 	 0.029417684798 
15.000000000000 	 12.000000000000 	 0.031156039783 
15.000000000000 	 13.000000000000 	 0.032769495907 
15.000000000000 	 14.000000000000 	 0.034251986160 
15.000000000000 	 15.000000000000 	 0.035598019149 
15.000000000000 	 16.000000000000 	 0.036802694959 
15.000000000000 	 17.000000000000 	 0.037861717669 
15.000000000000 	 18.000000000000 	 0.038771404619 
15.000000000000 	 19.000000000000 	 0.039528692577 
15.000000000000 	 20.000000000000 	 0.040131140941 
15.000000000000 	 21.000000000000 	 0.040576932165 
15.000000000000 	 22.000000000000 	 0.040864869569 
15.000000000000 	 23.000000000000 	 0.040994372730 
15.000000000000 	 24.000000000000 	 0.040965470636 
15.000000000000 	 25.000000000000 	 0.040778792787 
15.000000000000 	 26.000000000000 	 0.040435558410 
15.000000000000 	 27.000000000000 	 0.039937563974 
15.000000000000 	 28.000000000000 	 0.039287169137 
15.000000000000 	 29.000000000000 	 0.038487281281 
15.000000000000 	 30.000000000000 	 0.037541338764 
15.000000000000 	 31.000000000000 	 0.036453293002 
15.000000000000 	 32.000000000000 	 0.035227589473 
15.000000000000 	 33.000000000000 	 0.033869147748 
15.000000000000 	 34.000000000000 	 0.032383340623 
15.000000000000 	 35.000000000000 	 0.030775972408 
15.000000000000 	 36.000000000000 	 0.029053256455 
15.000000000000 	 37.000000000000 	 0.027221791958 
15.000000000000 	 38.000000000000 	 0.025288540093 
15.000000000000 	 39.000000000000 	 0.023260799534 

16.000000000000 	 1.000000000000 	 0.007056534256 
16.000000000000 	 2.000000000000 	 0.009673846950 
16.000000000000 	 3.000000000000 	 0.012251579923 
16.000000000000 	 4.000000000000 	 0.014779233555 
16.000000000000 	 5.000000000000 	 0.017246550765 
16.000000000000 	 6.000000000000 	 0.019643565160 
16.000000000000 	 7.000000000000 	 0.021960646875 
16.000000000000 	 8.000000000000 	 0.024188545804 
16.000000000000 	 9.000000000000 	 0.026318431947 
16.000000000000 	 10.000000000000 	 0.028341932628 
16.000000000000 	 11.000000000000 	 0.030251166418 
16.000000000000 	 12.000000000000 	 0.032038773623 
16.000000000000 	 13.000000000000 	 0.033697943245 
16.000000000000 	 14.000000000000 	 0.035222436380 
16.000000000000 	 15.000000000000 	 0.036606606050 
16.000000000000 	 16.000000000000 	 0.037845413513 
16.000000000000 	 17.000000000000 	 0.038934441133 
16.000000000000 	 18.000000000000 	 0.039869901911 
16.000000000000 	 19.000000000000 	 0.040648645825 
16.000000000000 	 20.000000000000 	 0.041268163126 
16.000000000000 	 21.000000000000 	 0.041726584773 
16.000000000000 	 22.000000000000 	 0.042022680180 
16.000000000000 	 23.000000000000 	 0.042155852480 
16.000000000000 	 24.000000000000 	 0.042126131485 
16.000000000000 	 25.000000000000 	 0.041934164527 
16.000000000000 	 26.000000000000 	 0.041581205381 
16.000000000000 	 27.000000000000 	 0.041069101413 
16.000000000000 	 28.000000000000 	 0.040400279136 
16.000000000000 	 29.000000000000 	 0.039577728308 
16.000000000000 	 30.000000000000 	 0.038604984706 
16.000000000000 	 31.000000000000 	 0.037486111697 
16.000000000000 	 32.000000000000 	 0.036225680713 
16.000000000000 	 33.000000000000 	 0.034828750710 
16.000000000000 	 34.000000000000 	 0.033300846709 
16.000000000000 	 35.000000000000 	 0.031647937473 
16.000000000000 	 36.000000000000 	 0.029876412393 
16.000000000000 	 37.000000000000 	 0.027993057635 
16.000000000000 	 38.000000000000 	 0.026005031606 
16.000000000000 	 39.000000000000 	 0.023919839769 

17.000000000000 	 1.000000000000 	 0.007206924496 
17.000000000000 	 2.000000000000 	 0.009880017869 
17.000000000000 	 3.000000000000 	 0.012512687989 
17.000000000000 	 4.000000000000 	 0.015094211464 
17.000000000000 	 5.000000000000 	 0.017614112614 
17.000000000000 	 6.000000000000 	 0.020062212638 
17.000000000000 	 7.000000000000 	 0.022428676438 
17.000000000000 	 8.000000000000 	 0.024704056768 
17.000000000000 	 9.000000000000 	 0.026879335441 
17.000000000000 	 10.000000000000 	 0.028945961340 
17.000000000000 	 11.000000000000 	 0.030895885066 
17.000000000000 	 12.000000000000 	 0.032721590076 
17.000000000000 	 13.000000000000 	 0.034416120213 
17.000000000000 	 14.000000000000 	 0.035973103609 
17.000000000000 	 15.000000000000 	 0.037386772937 
17.000000000000 	 16.000000000000 	 0.038651982069 
17.000000000000 	 17.000000000000 	 0.039764219219 
17.000000000000 	 18.000000000000 	 0.040719616681 
17.000000000000 	 19.000000000000 	 0.041514957298 
17.000000000000 	 20.000000000000 	 0.042147677835 
17.000000000000 	 21.000000000000 	 0.042615869417 
17.000000000000 	 22.000000000000 	 0.042918275233 
17.000000000000 	 23.000000000000 	 0.043054285695 
17.000000000000 	 24.000000000000 	 0.043023931251 
17.000000000000 	 25.000000000000 	 0.042827873030 
17.000000000000 	 26.000000000000 	 0.042467391527 
17.000000000000 	 27.000000000000 	 0.041944373482 
17.000000000000 	 28.000000000000 	 0.041261297122 
17.000000000000 	 29.000000000000 	 0.040421215921 
17.000000000000 	 30.000000000000 	 0.039427741014 
17.000000000000 	 31.000000000000 	 0.038285022367 
17.000000000000 	 32.000000000000 	 0.036997728838 
17.000000000000 	 33.000000000000 	 0.035571027202 
17.000000000000 	 34.000000000000 	 0.034010560230 
17.000000000000 	 35.000000000000 	 0.032322423890 
17.000000000000 	 36.000000000000 	 0.030513143748 
17.000000000000 	 37.000000000000 	 0.028589650597 
17.000000000000 	 38.000000000000 	 0.026559255404 
17.000000000000 	 39.000000000000 	 0.024429623591 

18.000000000000 	 1.000000000000 	 0.007312492540 
18.000000000000 	 2.000000000000 	 0.010024741760 
18.000000000000 	 3.000000000000 	 0.012695975599 
18.000000000000 	 4.000000000000 	 0.015315313588 
18.000000000000 	 5.000000000000 	 0.017872126596 
18.000000000000 	 6.000000000000 	 0.020356086723 
18.000000000000 	 7.000000000000 	 0.022757214802 
18.000000000000 	 8.000000000000 	 0.025065925206 
18.000000000000 	 9.000000000000 	 0.027273067646 
18.000000000000 	 10.000000000000 	 0.029369965747 
18.000000000000 	 11.000000000000 	 0.031348452204 
18.000000000000 	 12.000000000000 	 0.033200900366 
18.000000000000 	 13.000000000000 	 0.034920252186 
18.000000000000 	 14.000000000000 	 0.036500042459 
18.000000000000 	 15.000000000000 	 0.037934419376 
18.000000000000 	 16.000000000000 	 0.039218161431 
18.000000000000 	 17.000000000000 	 0.040346690747 
18.000000000000 	 18.000000000000 	 0.041316082966 
18.000000000000 	 19.000000000000 	 0.042123073805 
18.000000000000 	 20.000000000000 	 0.042765062483 
18.000000000000 	 21.000000000000 	 0.043240112163 
18.000000000000 	 22.000000000000 	 0.043546947627 
18.000000000000 	 23.000000000000 	 0.043684950357 
18.000000000000 	 24.000000000000 	 0.043654151247 
18.000000000000 	 25.000000000000 	 0.043455221112 
18.000000000000 	 26.000000000000 	 0.043089459204 
18.000000000000 	 27.000000000000 	 0.042558779899 
18.000000000000 	 28.000000000000 	 0.041865697727 
18.000000000000 	 29.000000000000 	 0.041013310891 
18.000000000000 	 30.000000000000 	 0.040005283421 
18.000000000000 	 31.000000000000 	 0.038845826072 
18.000000000000 	 32.000000000000 	 0.037539676094 
18.000000000000 	 33.000000000000 	 0.036092075944 
18.000000000000 	 34.000000000000 	 0.034508751050 
18.000000000000 	 35.000000000000 	 0.032795886675 
18.000000000000 	 36.000000000000 	 0.030960103970 
18.000000000000 	 37.000000000000 	 0.029008435253 
18.000000000000 	 38.000000000000 	 0.026948298582 
18.000000000000 	 39.000000000000 	 0.024787471664 

19.000000000000 	 1.000000000000 	 0.007372732587 
19.000000000000 	 2.000000000000 	 0.010107325216 
19.000000000000 	 3.000000000000 	 0.012800564579 
19.000000000000 	 4.000000000000 	 0.015441480573 
19.000000000000 	 5.000000000000 	 0.018019356505 
19.000000000000 	 6.000000000000 	 0.020523779394 
19.000000000000 	 7.000000000000 	 0.022944687864 
19.000000000000 	 8.000000000000 	 0.025272417323 
19.000000000000 	 9.000000000000 	 0.027497742100 
19.000000000000 	 10.000000000000 	 0.029611914348 
19.000000000000 	 11.000000000000 	 0.031606699476 
19.000000000000 	 12.000000000000 	 0.033474408008 
19.000000000000 	 13.000000000000 	 0.035207923752 
19.000000000000 	 14.000000000000 	 0.036800728244 
19.000000000000 	 15.000000000000 	 0.038246921469 
19.000000000000 	 16.000000000000 	 0.039541238905 
19.000000000000 	 17.000000000000 	 0.040679064966 
19.000000000000 	 18.000000000000 	 0.041656442962 
19.000000000000 	 19.000000000000 	 0.042470081723 
19.000000000000 	 20.000000000000 	 0.043117359042 
19.000000000000 	 21.000000000000 	 0.043596322127 
19.000000000000 	 22.000000000000 	 0.043905685255 
19.000000000000 	 23.000000000000 	 0.044044824815 
19.000000000000 	 24.000000000000 	 0.044013771953 
19.000000000000 	 25.000000000000 	 0.043813203013 
19.000000000000 	 26.000000000000 	 0.043444427950 
19.000000000000 	 27.000000000000 	 0.042909376911 
19.000000000000 	 28.000000000000 	 0.042210585141 
19.000000000000 	 29.000000000000 	 0.041351176365 
19.000000000000 	 30.000000000000 	 0.040334844798 
19.000000000000 	 31.000000000000 	 0.039165835884 
19.000000000000 	 32.000000000000 	 0.037848925898 
19.000000000000 	 33.000000000000 	 0.036389400484 
19.000000000000 	 34.000000000000 	 0.034793032234 
19.000000000000 	 35.000000000000 	 0.033066057367 
19.000000000000 	 36.000000000000 	 0.031215151579 
19.000000000000 	 37.000000000000 	 0.029247405119 
19.000000000000 	 38.000000000000 	 0.027170297154 
19.000000000000 	 39.000000000000 	 0.024991669462 

20.000000000000 	 1.000000000000 	 0.007387422786 
20.000000000000 	 2.000000000000 	 0.010127464100 
20.000000000000 	 3.000000000000 	 0.012826069749 
20.000000000000 	 4.000000000000 	 0.015472247774 
20.000000000000 	 5.000000000000 	 0.018055260126 
20.000000000000 	 6.000000000000 	 0.020564673076 
20.000000000000 	 7.000000000000 	 0.022990405202 
20.000000000000 	 8.000000000000 	 0.025322772653 
20.000000000000 	 9.000000000000 	 0.027552531378 
20.000000000000 	 10.000000000000 	 0.029670916098 
20.000000000000 	 11.000000000000 	 0.031669675816 
20.000000000000 	 12.000000000000 	 0.033541105735 
20.000000000000 	 13.000000000000 	 0.035278075484 
20.000000000000 	 14.000000000000 	 0.036874053610 
20.000000000000 	 15.000000000000 	 0.038323128344 
20.000000000000 	 16.000000000000 	 0.039620024674 
20.000000000000 	 17.000000000000 	 0.040760117819 
20.000000000000 	 18.000000000000 	 0.041739443206 
20.000000000000 	 19.000000000000 	 0.042554703106 
20.000000000000 	 20.000000000000 	 0.043203270090 
20.000000000000 	 21.000000000000 	 0.043683187475 
20.000000000000 	 22.000000000000 	 0.043993166976 
20.000000000000 	 23.000000000000 	 0.044132583739 
20.000000000000 	 24.000000000000 	 0.044101468976 
20.000000000000 	 25.000000000000 	 0.043900500377 
20.000000000000 	 26.000000000000 	 0.043530990506 
20.000000000000 	 27.000000000000 	 0.042994873359 
20.000000000000 	 28.000000000000 	 0.042294689231 
20.000000000000 	 29.000000000000 	 0.041433568072 
20.000000000000 	 30.000000000000 	 0.040415211457 
20.000000000000 	 31.000000000000 	 0.039243873291 
20.000000000000 	 32.000000000000 	 0.037924339364 
20.000000000000 	 33.000000000000 	 0.036461905852 
20.000000000000 	 34.000000000000 	 0.034862356849 
20.000000000000 	 35.000000000000 	 0.033131941001 
20.000000000000 	 36.000000000000 	 0.031277347303 
20.000000000000 	 37.000000000000 	 0.029305680131 
20.000000000000 	 38.000000000000 	 0.027224433557 
20.000000000000 	 39.000000000000 	 0.025041464981 

21.000000000000 	 1.000000000000 	 0.007356622782 
21.000000000000 	 2.000000000000 	 0.010085240181 
21.000000000000 	 3.000000000000 	 0.012772594668 
21.000000000000 	 4.000000000000 	 0.015407740113 
21.000000000000 	 5.000000000000 	 0.017979983236 
21.000000000000 	 6.000000000000 	 0.020478933808 
21.000000000000 	 7.000000000000 	 0.022894552440 
21.000000000000 	 8.000000000000 	 0.025217195653 
21.000000000000 	 9.000000000000 	 0.027437657940 
21.000000000000 	 10.000000000000 	 0.029547210563 
21.000000000000 	 11.000000000000 	 0.031537636928 
21.000000000000 	 12.000000000000 	 0.033401264361 
21.000000000000 	 13.000000000000 	 0.035130992219 
21.000000000000 	 14.000000000000 	 0.036720316281 
21.000000000000 	 15.000000000000 	 0.038163349427 
21.000000000000 	 16.000000000000 	 0.039454838637 
21.000000000000 	 17.000000000000 	 0.040590178412 
21.000000000000 	 18.000000000000 	 0.041565420709 
21.000000000000 	 19.000000000000 	 0.042377281551 
21.000000000000 	 20.000000000000 	 0.043023144460 
21.000000000000 	 21.000000000000 	 0.043501060915 
21.000000000000 	 22.000000000000 	 0.043809748001 
21.000000000000 	 23.000000000000 	 0.043948583471 
21.000000000000 	 24.000000000000 	 0.043917598405 
21.000000000000 	 25.000000000000 	 0.043717467669 
21.000000000000 	 26.000000000000 	 0.043349498357 
21.000000000000 	 27.000000000000 	 0.042815616399 
21.000000000000 	 28.000000000000 	 0.042118351500 
21.000000000000 	 29.000000000000 	 0.041260820562 
21.000000000000 	 30.000000000000 	 0.040246709727 
21.000000000000 	 31.000000000000 	 0.039080255163 
21.000000000000 	 32.000000000000 	 0.037766222708 
21.000000000000 	 33.000000000000 	 0.036309886457 
21.000000000000 	 34.000000000000 	 0.034717006390 
21.000000000000 	 35.000000000000 	 0.032993805098 
21.000000000000 	 36.000000000000 	 0.031146943688 
21.000000000000 	 37.000000000000 	 0.029183496919 
21.000000000000 	 38.000000000000 	 0.027110927614 
21.000000000000 	 39.000000000000 	 0.024937060416 

22.000000000000 	 1.000000000000 	 0.007280669604 
22.000000000000 	 2.000000000000 	 0.009981115494 
22.000000000000 	 3.000000000000 	 0.012640724487 
22.000000000000 	 4.000000000000 	 0.015248663466 
22.000000000000 	 5.000000000000 	 0.017794349554 
22.000000000000 	 6.000000000000 	 0.020267499793 
22.000000000000 	 7.000000000000 	 0.022658178448 
22.000000000000 	 8.000000000000 	 0.024956841602 
22.000000000000 	 9.000000000000 	 0.027154378789 
22.000000000000 	 10.000000000000 	 0.029242151393 
22.000000000000 	 11.000000000000 	 0.031212027650 
22.000000000000 	 12.000000000000 	 0.033056414103 
22.000000000000 	 13.000000000000 	 0.034768283420 
22.000000000000 	 14.000000000000 	 0.036341198533 
22.000000000000 	 15.000000000000 	 0.037769333103 
22.000000000000 	 16.000000000000 	 0.039047488345 
22.000000000000 	 17.000000000000 	 0.040171106311 
22.000000000000 	 18.000000000000 	 0.041136279720 
22.000000000000 	 19.000000000000 	 0.041939758498 
22.000000000000 	 20.000000000000 	 0.042578953185 
22.000000000000 	 21.000000000000 	 0.043051935376 
22.000000000000 	 22.000000000000 	 0.043357435402 
22.000000000000 	 23.000000000000 	 0.043494837440 
22.000000000000 	 24.000000000000 	 0.043464172252 
22.000000000000 	 25.000000000000 	 0.043266107735 
22.000000000000 	 26.000000000000 	 0.042901937488 
22.000000000000 	 27.000000000000 	 0.042373567559 
22.000000000000 	 28.000000000000 	 0.041683501534 
22.000000000000 	 29.000000000000 	 0.040834824135 
22.000000000000 	 30.000000000000 	 0.039831183447 
22.000000000000 	 31.000000000000 	 0.038676771902 
22.000000000000 	 32.000000000000 	 0.037376306132 
22.000000000000 	 33.000000000000 	 0.035935005783 
22.000000000000 	 34.000000000000 	 0.034358571362 
22.000000000000 	 35.000000000000 	 0.032653161218 
22.000000000000 	 36.000000000000 	 0.030825367685 
22.000000000000 	 37.000000000000 	 0.028882192478 
22.000000000000 	 38.000000000000 	 0.026831021371 
22.000000000000 	 39.000000000000 	 0.024679598221 

23.000000000000 	 1.000000000000 	 0.007160172013 
23.000000000000 	 2.000000000000 	 0.009815924590 
23.000000000000 	 3.000000000000 	 0.012431516136 
23.000000000000 	 4.000000000000 	 0.014996292820 
23.000000000000 	 5.000000000000 	 0.017499846919 
23.000000000000 	 6.000000000000 	 0.019932065660 
23.000000000000 	 7.000000000000 	 0.022283177746 
23.000000000000 	 8.000000000000 	 0.024543797217 
23.000000000000 	 9.000000000000 	 0.026704964388 
23.000000000000 	 10.000000000000 	 0.028758183615 
23.000000000000 	 11.000000000000 	 0.030695457717 
23.000000000000 	 12.000000000000 	 0.032509318913 
23.000000000000 	 13.000000000000 	 0.034192856174 
23.000000000000 	 14.000000000000 	 0.035739738969 
23.000000000000 	 15.000000000000 	 0.037144237387 
23.000000000000 	 16.000000000000 	 0.038401238686 
23.000000000000 	 17.000000000000 	 0.039506260353 
23.000000000000 	 18.000000000000 	 0.040455459775 
23.000000000000 	 19.000000000000 	 0.041245640669 
23.000000000000 	 20.000000000000 	 0.041874256430 
23.000000000000 	 21.000000000000 	 0.042339410571 
23.000000000000 	 22.000000000000 	 0.042639854436 
23.000000000000 	 23.000000000000 	 0.042774982395 
23.000000000000 	 24.000000000000 	 0.042744824701 
23.000000000000 	 25.000000000000 	 0.042550038198 
23.000000000000 	 26.000000000000 	 0.042191895076 
23.000000000000 	 27.000000000000 	 0.041672269836 
23.000000000000 	 28.000000000000 	 0.040993624631 
23.000000000000 	 29.000000000000 	 0.040158993129 
23.000000000000 	 30.000000000000 	 0.039171963038 
23.000000000000 	 31.000000000000 	 0.038036657403 
23.000000000000 	 32.000000000000 	 0.036757714797 
23.000000000000 	 33.000000000000 	 0.035340268476 
23.000000000000 	 34.000000000000 	 0.033789924604 
23.000000000000 	 35.000000000000 	 0.032112739605 
23.000000000000 	 36.000000000000 	 0.030315196709 
23.000000000000 	 37.000000000000 	 0.028404181749 
23.000000000000 	 38.000000000000 	 0.026386958262 
23.000000000000 	 39.000000000000 	 0.024271141942 

24.000000000000 	 1.000000000000 	 0.006996003422 
24.000000000000 	 2.000000000000 	 0.009590864842 
24.000000000000 	 3.000000000000 	 0.012146486040 
24.000000000000 	 4.000000000000 	 0.014652457461 
24.000000000000 	 5.000000000000 	 0.017098610006 
24.000000000000 	 6.000000000000 	 0.019475062770 
24.000000000000 	 7.000000000000 	 0.021772268492 
24.000000000000 	 8.000000000000 	 0.023981056413 
24.000000000000 	 9.000000000000 	 0.026092672276 
24.000000000000 	 10.000000000000 	 0.028098815225 
24.000000000000 	 11.000000000000 	 0.029991671439 
24.000000000000 	 12.000000000000 	 0.031763944358 
24.000000000000 	 13.000000000000 	 0.033408881411 
24.000000000000 	 14.000000000000 	 0.034920297213 
24.000000000000 	 15.000000000000 	 0.036292593228 
24.000000000000 	 16.000000000000 	 0.037520773942 
24.000000000000 	 17.000000000000 	 0.038600459614 
24.000000000000 	 18.000000000000 	 0.039527895738 
24.000000000000 	 19.000000000000 	 0.040299959314 
24.000000000000 	 20.000000000000 	 0.040914162128 
24.000000000000 	 21.000000000000 	 0.041368651174 
24.000000000000 	 22.000000000000 	 0.041662206426 
24.000000000000 	 23.000000000000 	 0.041794236143 
24.000000000000 	 24.000000000000 	 0.041764769882 
24.000000000000 	 25.000000000000 	 0.041574449428 
24.000000000000 	 26.000000000000 	 0.041224517803 
24.000000000000 	 27.000000000000 	 0.040716806528 
24.000000000000 	 28.000000000000 	 0.040053721306 
24.000000000000 	 29.000000000000 	 0.039238226248 
24.000000000000 	 30.000000000000 	 0.038273826804 
24.000000000000 	 31.000000000000 	 0.037164551485 
24.000000000000 	 32.000000000000 	 0.035914932511 
24.000000000000 	 33.000000000000 	 0.034529985442 
24.000000000000 	 34.000000000000 	 0.033015187905 
24.000000000000 	 35.000000000000 	 0.031376457461 
24.000000000000 	 36.000000000000 	 0.029620128692 
24.000000000000 	 37.000000000000 	 0.027752929554 
24.000000000000 	 38.000000000000 	 0.025781957043 
24.000000000000 	 39.000000000000 	 0.023714652242 

25.000000000000 	 1.000000000000 	 0.006789293528 
25.000000000000 	 2.000000000000 	 0.009307484955 
25.000000000000 	 3.000000000000 	 0.011787595584 
25.000000000000 	 4.000000000000 	 0.014219523428 
25.000000000000 	 5.000000000000 	 0.016593399854 
25.000000000000 	 6.000000000000 	 0.018899635906 
25.000000000000 	 7.000000000000 	 0.021128966415 
25.000000000000 	 8.000000000000 	 0.023272491588 
25.000000000000 	 9.000000000000 	 0.025321715829 
25.000000000000 	 10.000000000000 	 0.027268583546 
25.000000000000 	 11.000000000000 	 0.029105511794 
25.000000000000 	 12.000000000000 	 0.030825419600 
25.000000000000 	 13.000000000000 	 0.032421753913 
25.000000000000 	 14.000000000000 	 0.033888512106 
25.000000000000 	 15.000000000000 	 0.035220261064 
25.000000000000 	 16.000000000000 	 0.036412152872 
25.000000000000 	 17.000000000000 	 0.037459937201 
25.000000000000 	 18.000000000000 	 0.038359970475 
25.000000000000 	 19.000000000000 	 0.039109221972 
25.000000000000 	 20.000000000000 	 0.039705276996 
25.000000000000 	 21.000000000000 	 0.040146337293 
25.000000000000 	 22.000000000000 	 0.040431218886 
25.000000000000 	 23.000000000000 	 0.040559347516 
25.000000000000 	 24.000000000000 	 0.040530751869 
25.000000000000 	 25.000000000000 	 0.040346054767 
25.000000000000 	 26.000000000000 	 0.040006462504 
25.000000000000 	 27.000000000000 	 0.039513752488 
25.000000000000 	 28.000000000000 	 0.038870259339 
25.000000000000 	 29.000000000000 	 0.038078859589 
25.000000000000 	 30.000000000000 	 0.037142955112 
25.000000000000 	 31.000000000000 	 0.036066455392 
25.000000000000 	 32.000000000000 	 0.034853758733 
25.000000000000 	 33.000000000000 	 0.033509732503 
25.000000000000 	 34.000000000000 	 0.032039692480 
25.000000000000 	 35.000000000000 	 0.030449381383 
25.000000000000 	 36.000000000000 	 0.028744946625 
25.000000000000 	 37.000000000000 	 0.026932917371 
25.000000000000 	 38.000000000000 	 0.025020180925 
25.000000000000 	 39.000000000000 	 0.023013958507 

26.000000000000 	 1.000000000000 	 0.006541418744 
26.000000000000 	 2.000000000000 	 0.008967671862 
26.000000000000 	 3.000000000000 	 0.011357234498 
26.000000000000 	 4.000000000000 	 0.013700373485 
26.000000000000 	 5.000000000000 	 0.015987580490 
26.000000000000 	 6.000000000000 	 0.018209616645 
26.000000000000 	 7.000000000000 	 0.020357555050 
26.000000000000 	 8.000000000000 	 0.022422820840 
26.000000000000 	 9.000000000000 	 0.024397228591 
26.000000000000 	 10.000000000000 	 0.026273016818 
26.000000000000 	 11.000000000000 	 0.028042879425 
26.000000000000 	 12.000000000000 	 0.029699993966 
26.000000000000 	 13.000000000000 	 0.031238046637 
26.000000000000 	 14.000000000000 	 0.032651253966 
26.000000000000 	 15.000000000000 	 0.033934381200 
26.000000000000 	 16.000000000000 	 0.035082757420 
26.000000000000 	 17.000000000000 	 0.036092287475 
26.000000000000 	 18.000000000000 	 0.036959460815 
26.000000000000 	 19.000000000000 	 0.037681357370 
26.000000000000 	 20.000000000000 	 0.038255650604 
26.000000000000 	 21.000000000000 	 0.038680607916 
26.000000000000 	 22.000000000000 	 0.038955088556 
26.000000000000 	 23.000000000000 	 0.039078539232 
26.000000000000 	 24.000000000000 	 0.039050987582 
26.000000000000 	 25.000000000000 	 0.038873033691 
26.000000000000 	 26.000000000000 	 0.038545839811 
26.000000000000 	 27.000000000000 	 0.038071118458 
26.000000000000 	 28.000000000000 	 0.037451119015 
26.000000000000 	 29.000000000000 	 0.036688612994 
26.000000000000 	 30.000000000000 	 0.035786878068 
26.000000000000 	 31.000000000000 	 0.034749680986 
26.000000000000 	 32.000000000000 	 0.033581259472 
26.000000000000 	 33.000000000000 	 0.032286303188 
26.000000000000 	 34.000000000000 	 0.030869933836 
26.000000000000 	 35.000000000000 	 0.029337684468 
26.000000000000 	 36.000000000000 	 0.027695478058 
26.000000000000 	 37.000000000000 	 0.025949605394 
26.000000000000 	 38.000000000000 	 0.024106702325 
26.000000000000 	 39.000000000000 	 0.022173726429 

27.000000000000 	 1.000000000000 	 0.006253991552 
27.000000000000 	 2.000000000000 	 0.008573636126 
27.000000000000 	 3.000000000000 	 0.010858202382 
27.000000000000 	 4.000000000000 	 0.013098384822 
27.000000000000 	 5.000000000000 	 0.015285092906 
27.000000000000 	 6.000000000000 	 0.017409493719 
27.000000000000 	 7.000000000000 	 0.019463052604 
27.000000000000 	 8.000000000000 	 0.021437571473 
27.000000000000 	 9.000000000000 	 0.023325224563 
27.000000000000 	 10.000000000000 	 0.025118591429 
27.000000000000 	 11.000000000000 	 0.026810687000 
27.000000000000 	 12.000000000000 	 0.028394988605 
27.000000000000 	 13.000000000000 	 0.029865459868 
27.000000000000 	 14.000000000000 	 0.031216571440 
27.000000000000 	 15.000000000000 	 0.032443318579 
27.000000000000 	 16.000000000000 	 0.033541235607 
27.000000000000 	 17.000000000000 	 0.034506407312 
27.000000000000 	 18.000000000000 	 0.035335477396 
27.000000000000 	 19.000000000000 	 0.036025654096 
27.000000000000 	 20.000000000000 	 0.036574713104 
27.000000000000 	 21.000000000000 	 0.036980997947 
27.000000000000 	 22.000000000000 	 0.037243418003 
27.000000000000 	 23.000000000000 	 0.037361444289 
27.000000000000 	 24.000000000000 	 0.037335103230 
27.000000000000 	 25.000000000000 	 0.037164968543 
27.000000000000 	 26.000000000000 	 0.036852151412 
27.000000000000 	 27.000000000000 	 0.036398289105 
27.000000000000 	 28.000000000000 	 0.035805532170 
27.000000000000 	 29.000000000000 	 0.035076530339 
27.000000000000 	 30.000000000000 	 0.034214417265 
27.000000000000 	 31.000000000000 	 0.033222794188 
27.000000000000 	 32.000000000000 	 0.032105712629 
27.000000000000 	 33.000000000000 	 0.030867656188 
27.000000000000 	 34.000000000000 	 0.029513521521 
27.000000000000 	 35.000000000000 	 0.028048598560 
27.000000000000 	 36.000000000000 	 0.026478550027 
27.000000000000 	 37.000000000000 	 0.024809390294 
27.000000000000 	 38.000000000000 	 0.023047463634 
27.000000000000 	 39.000000000000 	 0.021199421911 

28.000000000000 	 1.000000000000 	 0.005928848873 
28.000000000000 	 2.000000000000 	 0.008127895993 
28.000000000000 	 3.000000000000 	 0.010293688503 
28.000000000000 	 4.000000000000 	 0.012417404694 
28.000000000000 	 5.000000000000 	 0.014490426639 
28.000000000000 	 6.000000000000 	 0.016504380644 
28.000000000000 	 7.000000000000 	 0.018451175763 
28.000000000000 	 8.000000000000 	 0.020323040126 
28.000000000000 	 9.000000000000 	 0.022112554828 
28.000000000000 	 10.000000000000 	 0.023812685208 
28.000000000000 	 11.000000000000 	 0.025416809350 
28.000000000000 	 12.000000000000 	 0.026918743692 
28.000000000000 	 13.000000000000 	 0.028312765687 
28.000000000000 	 14.000000000000 	 0.029593633455 
28.000000000000 	 15.000000000000 	 0.030756602451 
28.000000000000 	 16.000000000000 	 0.031797439163 
28.000000000000 	 17.000000000000 	 0.032712431932 
28.000000000000 	 18.000000000000 	 0.033498398952 
28.000000000000 	 19.000000000000 	 0.034152693603 
28.000000000000 	 20.000000000000 	 0.034673207218 
28.000000000000 	 21.000000000000 	 0.035058369446 
28.000000000000 	 22.000000000000 	 0.035307146362 
28.000000000000 	 23.000000000000 	 0.035419036489 
28.000000000000 	 24.000000000000 	 0.035394064877 
28.000000000000 	 25.000000000000 	 0.035232775415 
28.000000000000 	 26.000000000000 	 0.034936221518 
28.000000000000 	 27.000000000000 	 0.034505955334 
28.000000000000 	 28.000000000000 	 0.033944015603 
28.000000000000 	 29.000000000000 	 0.033252914300 
28.000000000000 	 30.000000000000 	 0.032435622161 
28.000000000000 	 31.000000000000 	 0.031495553198 
28.000000000000 	 32.000000000000 	 0.030436548295 
28.000000000000 	 33.000000000000 	 0.029262857951 
28.000000000000 	 34.000000000000 	 0.027979124248 
28.000000000000 	 35.000000000000 	 0.026590362095 
28.000000000000 	 36.000000000000 	 0.025101939812 
28.000000000000 	 37.000000000000 	 0.023519559085 
28.000000000000 	 38.000000000000 	 0.021849234352 
28.000000000000 	 39.000000000000 	 0.020097271647 

29.000000000000 	 1.000000000000 	 0.005568039547 
29.000000000000 	 2.000000000000 	 0.007633260231 
29.000000000000 	 3.000000000000 	 0.009667250065 
29.000000000000 	 4.000000000000 	 0.011661724200 
29.000000000000 	 5.000000000000 	 0.013608589164 
29.000000000000 	 6.000000000000 	 0.015499980858 
29.000000000000 	 7.000000000000 	 0.017328300724 
29.000000000000 	 8.000000000000 	 0.019086249860 
29.000000000000 	 9.000000000000 	 0.020766860850 
29.000000000000 	 10.000000000000 	 0.022363527139 
29.000000000000 	 11.000000000000 	 0.023870029797 
29.000000000000 	 12.000000000000 	 0.025280561573 
29.000000000000 	 13.000000000000 	 0.026589748174 
29.000000000000 	 14.000000000000 	 0.027792666725 
29.000000000000 	 15.000000000000 	 0.028884861416 
29.000000000000 	 16.000000000000 	 0.029862356373 
29.000000000000 	 17.000000000000 	 0.030721665814 
29.000000000000 	 18.000000000000 	 0.031459801570 
29.000000000000 	 19.000000000000 	 0.032074278084 
29.000000000000 	 20.000000000000 	 0.032563115016 
29.000000000000 	 21.000000000000 	 0.032924837580 
29.000000000000 	 22.000000000000 	 0.033158474774 
29.000000000000 	 23.000000000000 	 0.033263555639 
29.000000000000 	 24.000000000000 	 0.033240103699 
29.000000000000 	 25.000000000000 	 0.033088629747 
29.000000000000 	 26.000000000000 	 0.032810123090 
29.000000000000 	 27.000000000000 	 0.032406041416 
29.000000000000 	 28.000000000000 	 0.031878299397 
29.000000000000 	 29.000000000000 	 0.031229256136 
29.000000000000 	 30.000000000000 	 0.030461701580 
29.000000000000 	 31.000000000000 	 0.029578841978 
29.000000000000 	 32.000000000000 	 0.028584284471 
29.000000000000 	 33.000000000000 	 0.027482020885 
29.000000000000 	 34.000000000000 	 0.026276410803 
29.000000000000 	 35.000000000000 	 0.024972163943 
29.000000000000 	 36.000000000000 	 0.023574321926 
29.000000000000 	 37.000000000000 	 0.022088239456 
29.000000000000 	 38.000000000000 	 0.020519564951 
29.000000000000 	 39.000000000000 	 0.018874220681 

30.000000000000 	 1.000000000000 	 0.005173811006 
30.000000000000 	 2.000000000000 	 0.007092809859 
30.000000000000 	 3.000000000000 	 0.008982789069 
30.000000000000 	 4.000000000000 	 0.010836050370 
30.000000000000 	 5.000000000000 	 0.012645073327 
30.000000000000 	 6.000000000000 	 0.014402550632 
30.000000000000 	 7.000000000000 	 0.016101421722 
30.000000000000 	 8.000000000000 	 0.017734904472 
30.000000000000 	 9.000000000000 	 0.019296524773 
30.000000000000 	 10.000000000000 	 0.020780143827 
30.000000000000 	 11.000000000000 	 0.022179983017 
30.000000000000 	 12.000000000000 	 0.023490646259 
30.000000000000 	 13.000000000000 	 0.024707139770 
30.000000000000 	 14.000000000000 	 0.025824889224 
30.000000000000 	 15.000000000000 	 0.026839754291 
30.000000000000 	 16.000000000000 	 0.027748040600 
30.000000000000 	 17.000000000000 	 0.028546509167 
30.000000000000 	 18.000000000000 	 0.029232383393 
30.000000000000 	 19.000000000000 	 0.029803353704 
30.000000000000 	 20.000000000000 	 0.030257579970 
30.000000000000 	 21.000000000000 	 0.030593691826 
30.000000000000 	 22.000000000000 	 0.030810787018 
30.000000000000 	 23.000000000000 	 0.030908427931 
30.000000000000 	 24.000000000000 	 0.030886636425 
30.000000000000 	 25.000000000000 	 0.030745887128 
30.000000000000 	 26.000000000000 	 0.030487099301 
30.000000000000 	 27.000000000000 	 0.030111627426 
30.000000000000 	 28.000000000000 	 0.029621250612 
30.000000000000 	 29.000000000000 	 0.029018160933 
30.000000000000 	 30.000000000000 	 0.028304950802 
30.000000000000 	 31.000000000000 	 0.027484599459 
30.000000000000 	 32.000000000000 	 0.026560458651 
30.000000000000 	 33.000000000000 	 0.025536237578 
30.000000000000 	 34.000000000000 	 0.024415987151 
30.000000000000 	 35.000000000000 	 0.023204083634 
30.000000000000 	 36.000000000000 	 0.021905211690 
30.000000000000 	 37.000000000000 	 0.020524346898 
30.000000000000 	 38.000000000000 	 0.019066737757 
30.000000000000 	 39.000000000000 	 0.017537887228 

31.000000000000 	 1.000000000000 	 0.004748595217 
31.000000000000 	 2.000000000000 	 0.006509878875 
31.000000000000 	 3.000000000000 	 0.008244527903 
31.000000000000 	 4.000000000000 	 0.009945476726 
31.000000000000 	 5.000000000000 	 0.011605822984 
31.000000000000 	 6.000000000000 	 0.013218859931 
31.000000000000 	 7.000000000000 	 0.014778107283 
31.000000000000 	 8.000000000000 	 0.016277340311 
31.000000000000 	 9.000000000000 	 0.017710616990 
31.000000000000 	 10.000000000000 	 0.019072303047 
31.000000000000 	 11.000000000000 	 0.020357094786 
31.000000000000 	 12.000000000000 	 0.021560039606 
31.000000000000 	 13.000000000000 	 0.022676554146 
31.000000000000 	 14.000000000000 	 0.023702440025 
31.000000000000 	 15.000000000000 	 0.024633897192 
31.000000000000 	 16.000000000000 	 0.025467534902 
31.000000000000 	 17.000000000000 	 0.026200380371 
31.000000000000 	 18.000000000000 	 0.026829885199 
31.000000000000 	 19.000000000000 	 0.027353929625 
31.000000000000 	 20.000000000000 	 0.027770824755 
31.000000000000 	 21.000000000000 	 0.028079312848 
31.000000000000 	 22.000000000000 	 0.028278565803 
31.000000000000 	 23.000000000000 	 0.028368181972 
31.000000000000 	 24.000000000000 	 0.028348181418 
31.000000000000 	 25.000000000000 	 0.028218999760 
31.000000000000 	 26.000000000000 	 0.027981480711 
31.000000000000 	 27.000000000000 	 0.027636867432 
31.000000000000 	 28.000000000000 	 0.027186792813 
31.000000000000 	 29.000000000000 	 0.026633268772 
31.000000000000 	 30.000000000000 	 0.025978674660 
31.000000000000 	 31.000000000000 	 0.025225744865 
31.000000000000 	 32.000000000000 	 0.024377555667 
31.000000000000 	 33.000000000000 	 0.023437511421 
31.000000000000 	 34.000000000000 	 0.022409330109 
31.000000000000 	 35.000000000000 	 0.021297028325 
31.000000000000 	 36.000000000000 	 0.020104905720 
31.000000000000 	 37.000000000000 	 0.018837528947 
31.000000000000 	 38.000000000000 	 0.017499715152 
31.000000000000 	 39.000000000000 	 0.016096515029 

32.000000000000 	 1.000000000000 	 0.004294993968 
32.000000000000 	 2.000000000000 	 0.005888034087 
32.000000000000 	 3.000000000000 	 0.007456983801 
32.000000000000 	 4.000000000000 	 0.008995452462 
32.000000000000 	 5.000000000000 	 0.010497197048 
32.000000000000 	 6.000000000000 	 0.011956151460 
32.000000000000 	 7.000000000000 	 0.013366454433 
32.000000000000 	 8.000000000000 	 0.014722475845 
32.000000000000 	 9.000000000000 	 0.016018841273 
32.000000000000 	 10.000000000000 	 0.017250454645 
32.000000000000 	 11.000000000000 	 0.018412518894 
32.000000000000 	 12.000000000000 	 0.019500554508 
32.000000000000 	 13.000000000000 	 0.020510415941 
32.000000000000 	 14.000000000000 	 0.021438305858 
32.000000000000 	 15.000000000000 	 0.022280787200 
32.000000000000 	 16.000000000000 	 0.023034793116 
32.000000000000 	 17.000000000000 	 0.023697634795 
32.000000000000 	 18.000000000000 	 0.024267007265 
32.000000000000 	 19.000000000000 	 0.024740993254 
32.000000000000 	 20.000000000000 	 0.025118065197 
32.000000000000 	 21.000000000000 	 0.025397085495 
32.000000000000 	 22.000000000000 	 0.025577305152 
32.000000000000 	 23.000000000000 	 0.025658360884 
32.000000000000 	 24.000000000000 	 0.025640270841 
32.000000000000 	 25.000000000000 	 0.025523429029 
32.000000000000 	 26.000000000000 	 0.025308598566 
32.000000000000 	 27.000000000000 	 0.024996903863 
32.000000000000 	 28.000000000000 	 0.024589821831 
32.000000000000 	 29.000000000000 	 0.024089172203 
32.000000000000 	 30.000000000000 	 0.023497107048 
32.000000000000 	 31.000000000000 	 0.022816099555 
32.000000000000 	 32.000000000000 	 0.022048932148 
32.000000000000 	 33.000000000000 	 0.021198683986 
32.000000000000 	 34.000000000000 	 0.020268717899 
32.000000000000 	 35.000000000000 	 0.019262666803 
32.000000000000 	 36.000000000000 	 0.018184419631 
32.000000000000 	 37.000000000000 	 0.017038106815 
32.000000000000 	 38.000000000000 	 0.015828085350 
32.000000000000 	 39.000000000000 	 0.014558923474 

33.000000000000 	 1.000000000000 	 0.003815763565 
33.000000000000 	 2.000000000000 	 0.005231054130 
33.000000000000 	 3.000000000000 	 0.006624942269 
33.000000000000 	 4.000000000000 	 0.007991750396 
33.000000000000 	 5.000000000000 	 0.009325932075 
33.000000000000 	 6.000000000000 	 0.010622098058 
33.000000000000 	 7.000000000000 	 0.011875041072 
33.000000000000 	 8.000000000000 	 0.013079759197 
33.000000000000 	 9.000000000000 	 0.014231477682 
33.000000000000 	 10.000000000000 	 0.015325669070 
33.000000000000 	 11.000000000000 	 0.016358071544 
33.000000000000 	 12.000000000000 	 0.017324705410 
33.000000000000 	 13.000000000000 	 0.018221887680 
33.000000000000 	 14.000000000000 	 0.019046244718 
33.000000000000 	 15.000000000000 	 0.019794722969 
33.000000000000 	 16.000000000000 	 0.020464597780 
33.000000000000 	 17.000000000000 	 0.021053480351 
33.000000000000 	 18.000000000000 	 0.021559322899 
33.000000000000 	 19.000000000000 	 0.021980422078 
33.000000000000 	 20.000000000000 	 0.022315420767 
33.000000000000 	 21.000000000000 	 0.022563308299 
33.000000000000 	 22.000000000000 	 0.022723419251 
33.000000000000 	 23.000000000000 	 0.022795430873 
33.000000000000 	 24.000000000000 	 0.022779359290 
33.000000000000 	 25.000000000000 	 0.022675554546 
33.000000000000 	 26.000000000000 	 0.022484694610 
33.000000000000 	 27.000000000000 	 0.022207778434 
33.000000000000 	 28.000000000000 	 0.021846118137 
33.000000000000 	 29.000000000000 	 0.021401330407 
33.000000000000 	 30.000000000000 	 0.020875327189 
33.000000000000 	 31.000000000000 	 0.020270305716 
33.000000000000 	 32.000000000000 	 0.019588737953 
33.000000000000 	 33.000000000000 	 0.018833359489 
33.000000000000 	 34.000000000000 	 0.018007157934 
33.000000000000 	 35.000000000000 	 0.017113360847 
33.000000000000 	 36.000000000000 	 0.016155423239 
33.000000000000 	 37.000000000000 	 0.015137014672 
33.000000000000 	 38.000000000000 	 0.014062005995 
33.000000000000 	 39.000000000000 	 0.012934455724 

34.000000000000 	 1.000000000000 	 0.003313798994 
34.000000000000 	 2.000000000000 	 0.004542907761 
34.000000000000 	 3.000000000000 	 0.005753429596 
34.000000000000 	 4.000000000000 	 0.006940433800 
34.000000000000 	 5.000000000000 	 0.008099103573 
34.000000000000 	 6.000000000000 	 0.009224758622 
34.000000000000 	 7.000000000000 	 0.010312876694 
34.000000000000 	 8.000000000000 	 0.011359113871 
34.000000000000 	 9.000000000000 	 0.012359323523 
34.000000000000 	 10.000000000000 	 0.013309573779 
34.000000000000 	 11.000000000000 	 0.014206163467 
34.000000000000 	 12.000000000000 	 0.015045636423 
34.000000000000 	 13.000000000000 	 0.015824794154 
34.000000000000 	 14.000000000000 	 0.016540706830 
34.000000000000 	 15.000000000000 	 0.017190722591 
34.000000000000 	 16.000000000000 	 0.017772475211 
34.000000000000 	 17.000000000000 	 0.018283890139 
34.000000000000 	 18.000000000000 	 0.018723188978 
34.000000000000 	 19.000000000000 	 0.019088892458 
34.000000000000 	 20.000000000000 	 0.019379821987 
34.000000000000 	 21.000000000000 	 0.019595099852 
34.000000000000 	 22.000000000000 	 0.019734148166 
34.000000000000 	 23.000000000000 	 0.019796686638 
34.000000000000 	 24.000000000000 	 0.019782729272 
34.000000000000 	 25.000000000000 	 0.019692580061 
34.000000000000 	 26.000000000000 	 0.019526827790 
34.000000000000 	 27.000000000000 	 0.019286339998 
34.000000000000 	 28.000000000000 	 0.018972256194 
34.000000000000 	 29.000000000000 	 0.018585980391 
34.000000000000 	 30.000000000000 	 0.018129173016 
34.000000000000 	 31.000000000000 	 0.017603742257 
34.000000000000 	 32.000000000000 	 0.017011834890 
34.000000000000 	 33.000000000000 	 0.016355826638 
34.000000000000 	 34.000000000000 	 0.015638312089 
34.000000000000 	 35.000000000000 	 0.014862094217 
34.000000000000 	 36.000000000000 	 0.014030173525 
34.000000000000 	 37.000000000000 	 0.013145736843 
34.000000000000 	 38.000000000000 	 0.012212145809 
34.000000000000 	 39.000000000000 	 0.011232925040 

35.000000000000 	 1.000000000000 	 0.002792117626 
35.000000000000 	 2.000000000000 	 0.003827731511 
35.000000000000 	 3.000000000000 	 0.004847684549 
35.000000000000 	 4.000000000000 	 0.005847822265 
35.000000000000 	 5.000000000000 	 0.006824086154 
35.000000000000 	 6.000000000000 	 0.007772532727 
35.000000000000 	 7.000000000000 	 0.008689351656 
35.000000000000 	 8.000000000000 	 0.009570882872 
35.000000000000 	 9.000000000000 	 0.010413632536 
35.000000000000 	 10.000000000000 	 0.011214287762 
35.000000000000 	 11.000000000000 	 0.011969730040 
35.000000000000 	 12.000000000000 	 0.012677047300 
35.000000000000 	 13.000000000000 	 0.013333544580 
35.000000000000 	 14.000000000000 	 0.013936753281 
35.000000000000 	 15.000000000000 	 0.014484439020 
35.000000000000 	 16.000000000000 	 0.014974608077 
35.000000000000 	 17.000000000000 	 0.015405512494 
35.000000000000 	 18.000000000000 	 0.015775653839 
35.000000000000 	 19.000000000000 	 0.016083785721 
35.000000000000 	 20.000000000000 	 0.016328915088 
35.000000000000 	 21.000000000000 	 0.016510302406 
35.000000000000 	 22.000000000000 	 0.016627460760 
35.000000000000 	 23.000000000000 	 0.016680153986 
35.000000000000 	 24.000000000000 	 0.016668393882 
35.000000000000 	 25.000000000000 	 0.016592436587 
35.000000000000 	 26.000000000000 	 0.016452778193 
35.000000000000 	 27.000000000000 	 0.016250149666 
35.000000000000 	 28.000000000000 	 0.015985511126 
35.000000000000 	 29.000000000000 	 0.015660045555 
35.000000000000 	 30.000000000000 	 0.015275151985 
35.000000000000 	 31.000000000000 	 0.014832438204 
35.000000000000 	 32.000000000000 	 0.014333713027 
35.000000000000 	 33.000000000000 	 0.013780978174 
35.000000000000 	 34.000000000000 	 0.013176419776 
35.000000000000 	 35.000000000000 	 0.012522399542 
35.000000000000 	 36.000000000000 	 0.011821445614 
35.000000000000 	 37.000000000000 	 0.011076243132 
35.000000000000 	 38.000000000000 	 0.010289624519 
35.000000000000 	 39.000000000000 	 0.009464559523 

36.000000000000 	 1.000000000000 	 0.002253842498 
36.000000000000 	 2.000000000000 	 0.003089806772 
36.000000000000 	 3.000000000000 	 0.003913129357 
36.000000000000 	 4.000000000000 	 0.004720456694 
36.000000000000 	 5.000000000000 	 0.005508512691 
36.000000000000 	 6.000000000000 	 0.006274114101 
36.000000000000 	 7.000000000000 	 0.007014185165 
36.000000000000 	 8.000000000000 	 0.007725771416 
36.000000000000 	 9.000000000000 	 0.008406052571 
36.000000000000 	 10.000000000000 	 0.009052354415 
36.000000000000 	 11.000000000000 	 0.009662159636 
36.000000000000 	 12.000000000000 	 0.010233117564 
36.000000000000 	 13.000000000000 	 0.010763052781 
36.000000000000 	 14.000000000000 	 0.011249972597 
36.000000000000 	 15.000000000000 	 0.011692073379 
36.000000000000 	 16.000000000000 	 0.012087745766 
36.000000000000 	 17.000000000000 	 0.012435578776 
36.000000000000 	 18.000000000000 	 0.012734362853 
36.000000000000 	 19.000000000000 	 0.012983091887 
36.000000000000 	 20.000000000000 	 0.013180964274 
36.000000000000 	 21.000000000000 	 0.013327383047 
36.000000000000 	 22.000000000000 	 0.013421955163 
36.000000000000 	 23.000000000000 	 0.013464489985 
36.000000000000 	 24.000000000000 	 0.013454997037 
36.000000000000 	 25.000000000000 	 0.013393683078 
36.000000000000 	 26.000000000000 	 0.013280948563 
36.000000000000 	 27.000000000000 	 0.013117383538 
36.000000000000 	 28.000000000000 	 0.012903763028 
36.000000000000 	 29.000000000000 	 0.012641041956 
36.000000000000 	 30.000000000000 	 0.012330349642 
36.000000000000 	 31.000000000000 	 0.011972983919 
36.000000000000 	 32.000000000000 	 0.011570404892 
36.000000000000 	 33.000000000000 	 0.011124228382 
36.000000000000 	 34.000000000000 	 0.010636219068 
36.000000000000 	 35.000000000000 	 0.010108283361 
36.000000000000 	 36.000000000000 	 0.009542462018 
36.000000000000 	 37.000000000000 	 0.008940922526 
36.000000000000 	 38.000000000000 	 0.008305951264 
36.000000000000 	 39.000000000000 	 0.007639945460 

37.000000000000 	 1.000000000000 	 0.001702185249 
37.000000000000 	 2.000000000000 	 0.002333536401 
37.000000000000 	 3.000000000000 	 0.002955340081 
37.000000000000 	 4.000000000000 	 0.003565063557 
37.000000000000 	 5.000000000000 	 0.004160232605 
37.000000000000 	 6.000000000000 	 0.004738443118 
37.000000000000 	 7.000000000000 	 0.005297372167 
37.000000000000 	 8.000000000000 	 0.005834788433 
37.000000000000 	 9.000000000000 	 0.006348561932 
37.000000000000 	 10.000000000000 	 0.006836672997 
37.000000000000 	 11.000000000000 	 0.007297220463 
37.000000000000 	 12.000000000000 	 0.007728429015 
37.000000000000 	 13.000000000000 	 0.008128655698 
37.000000000000 	 14.000000000000 	 0.008496395557 
37.000000000000 	 15.000000000000 	 0.008830286425 
37.000000000000 	 16.000000000000 	 0.009129112850 
37.000000000000 	 17.000000000000 	 0.009391809208 
37.000000000000 	 18.000000000000 	 0.009617461997 
37.000000000000 	 19.000000000000 	 0.009805311365 
37.000000000000 	 20.000000000000 	 0.009954751912 
37.000000000000 	 21.000000000000 	 0.010065332785 
37.000000000000 	 22.000000000000 	 0.010136757145 
37.000000000000 	 23.000000000000 	 0.010168881015 
37.000000000000 	 24.000000000000 	 0.010161711588 
37.000000000000 	 25.000000000000 	 0.010115405017 
37.000000000000 	 26.000000000000 	 0.010030263739 
37.000000000000 	 27.000000000000 	 0.009906733379 
37.000000000000 	 28.000000000000 	 0.009745399265 
37.000000000000 	 29.000000000000 	 0.009546982590 
37.000000000000 	 30.000000000000 	 0.009312336259 
37.000000000000 	 31.000000000000 	 0.009042440442 
37.000000000000 	 32.000000000000 	 0.008738397866 
37.000000000000 	 33.000000000000 	 0.008401428857 
37.000000000000 	 34.000000000000 	 0.008032866167 
37.000000000000 	 35.000000000000 	 0.007634149587 
37.000000000000 	 36.000000000000 	 0.007206820374 
37.000000000000 	 37.000000000000 	 0.006752515493 
37.000000000000 	 38.000000000000 	 0.006272961703 
37.000000000000 	 39.000000000000 	 0.005769969479 

38.000000000000 	 1.000000000000 	 0.001140428760 
38.000000000000 	 2.000000000000 	 0.001563420917 
38.000000000000 	 3.000000000000 	 0.001980016467 
38.000000000000 	 4.000000000000 	 0.002388518531 
38.000000000000 	 5.000000000000 	 0.002787269431 
38.000000000000 	 6.000000000000 	 0.003174658464 
38.000000000000 	 7.000000000000 	 0.003549129317 
38.000000000000 	 8.000000000000 	 0.003909187052 
38.000000000000 	 9.000000000000 	 0.004253404624 
38.000000000000 	 10.000000000000 	 0.004580428898 
38.000000000000 	 11.000000000000 	 0.004888986133 
38.000000000000 	 12.000000000000 	 0.005177886905 
38.000000000000 	 13.000000000000 	 0.005446030469 
38.000000000000 	 14.000000000000 	 0.005692408536 
38.000000000000 	 15.000000000000 	 0.005916108481 
38.000000000000 	 16.000000000000 	 0.006116315978 
38.000000000000 	 17.000000000000 	 0.006292317081 
38.000000000000 	 18.000000000000 	 0.006443499761 
38.000000000000 	 19.000000000000 	 0.006569354935 
38.000000000000 	 20.000000000000 	 0.006669476996 
38.000000000000 	 21.000000000000 	 0.006743563884 
38.000000000000 	 22.000000000000 	 0.006791416721 
38.000000000000 	 23.000000000000 	 0.006812939046 
38.000000000000 	 24.000000000000 	 0.006808135678 
38.000000000000 	 25.000000000000 	 0.006777111237 
38.000000000000 	 26.000000000000 	 0.006720068349 
38.000000000000 	 27.000000000000 	 0.006637305573 
38.000000000000 	 28.000000000000 	 0.006529215068 
38.000000000000 	 29.000000000000 	 0.006396280017 
38.000000000000 	 30.000000000000 	 0.006239071849 
38.000000000000 	 31.000000000000 	 0.006058247258 
38.000000000000 	 32.000000000000 	 0.005854545047 
38.000000000000 	 33.000000000000 	 0.005628782811 
38.000000000000 	 34.000000000000 	 0.005381853464 
38.000000000000 	 35.000000000000 	 0.005114721639 
38.000000000000 	 36.000000000000 	 0.004828419942 
38.000000000000 	 37.000000000000 	 0.004524045110 
38.000000000000 	 38.000000000000 	 0.004202754032 
38.000000000000 	 39.000000000000 	 0.003865759690 

39.000000000000 	 1.000000000000 	 0.000571909550 
39.000000000000 	 2.000000000000 	 0.000784034378 
39.000000000000 	 3.000000000000 	 0.000992951394 
39.000000000000 	 4.000000000000 	 0.001197809637 
39.000000000000 	 5.000000000000 	 0.001397777803 
39.000000000000 	 6.000000000000 	 0.001592048147 
39.000000000000 	 7.000000000000 	 0.001779840199 
39.000000000000 	 8.000000000000 	 0.001960404268 
39.000000000000 	 9.000000000000 	 0.002133024710 
39.000000000000 	 10.000000000000 	 0.002297022946 
39.000000000000 	 11.000000000000 	 0.002451760213 
39.000000000000 	 12.000000000000 	 0.002596640030 
39.000000000000 	 13.000000000000 	 0.002731110389 
39.000000000000 	 14.000000000000 	 0.002854665647 
39.000000000000 	 15.000000000000 	 0.002966848134 
39.000000000000 	 16.000000000000 	 0.003067249477 
39.000000000000 	 17.000000000000 	 0.003155511642 
39.000000000000 	 18.000000000000 	 0.003231327705 
39.000000000000 	 19.000000000000 	 0.003294442367 
39.000000000000 	 20.000000000000 	 0.003344652222 
39.000000000000 	 21.000000000000 	 0.003381805791 
39.000000000000 	 22.000000000000 	 0.003405803339 
39.000000000000 	 23.000000000000 	 0.003416596493 
39.000000000000 	 24.000000000000 	 0.003414187669 
39.000000000000 	 25.000000000000 	 0.003398629332 
39.000000000000 	 26.000000000000 	 0.003370023098 
39.000000000000 	 27.000000000000 	 0.003328518689 
39.000000000000 	 28.000000000000 	 0.003274312767 
39.000000000000 	 29.000000000000 	 0.003207647642 
39.000000000000 	 30.000000000000 	 0.003128809879 
39.000000000000 	 31.000000000000 	 0.003038128800 
39.000000000000 	 32.000000000000 	 0.002935974905 
39.000000000000 	 33.000000000000 	 0.002822758206 
39.000000000000 	 34.000000000000 	 0.002698926490 
39.000000000000 	 35.000000000000 	 0.002564963503 
39.000000000000 	 36.000000000000 	 0.002421387087 
39.000000000000 	 37.000000000000 	 0.002268747239 
39.000000000000 	 38.000000000000 	 0.002107624122 
39.000000000000 	 39.000000000000 	 0.001938626033 

