1.000000000000 	 1.000000000000 	 0.000000000008 
1.000000000000 	 2.000000000000 	 0.000000000011 
1.000000000000 	 3.000000000000 	 0.000000000014 
1.000000000000 	 4.000000000000 	 0.000000000017 
1.000000000000 	 5.000000000000 	 0.000000000020 
1.000000000000 	 6.000000000000 	 0.000000000023 
1.000000000000 	 7.000000000000 	 0.000000000025 
1.000000000000 	 8.000000000000 	 0.000000000028 
1.000000000000 	 9.000000000000 	 0.000000000030 
1.000000000000 	 10.000000000000 	 0.000000000033 
1.000000000000 	 11.000000000000 	 0.000000000035 
1.000000000000 	 12.000000000000 	 0.000000000037 
1.000000000000 	 13.000000000000 	 0.000000000039 
1.000000000000 	 14.000000000000 	 0.000000000041 
1.000000000000 	 15.000000000000 	 0.000000000042 
1.000000000000 	 16.000000000000 	 0.000000000044 
1.000000000000 	 17.000000000000 	 0.000000000045 
1.000000000000 	 18.000000000000 	 0.000000000046 
1.000000000000 	 19.000000000000 	 0.000000000047 
1.000000000000 	 20.000000000000 	 0.000000000048 
1.000000000000 	 21.000000000000 	 0.000000000048 
1.000000000000 	 22.000000000000 	 0.000000000049 
1.000000000000 	 23.000000000000 	 0.000000000049 
1.000000000000 	 24.000000000000 	 0.000000000049 
1.000000000000 	 25.000000000000 	 0.000000000049 
1.000000000000 	 26.000000000000 	 0.000000000048 
1.000000000000 	 27.000000000000 	 0.000000000048 
1.000000000000 	 28.000000000000 	 0.000000000047 
1.000000000000 	 29.000000000000 	 0.000000000046 
1.000000000000 	 30.000000000000 	 0.000000000045 
1.000000000000 	 31.000000000000 	 0.000000000044 
1.000000000000 	 32.000000000000 	 0.000000000042 
1.000000000000 	 33.000000000000 	 0.000000000041 
1.000000000000 	 34.000000000000 	 0.000000000039 
1.000000000000 	 35.000000000000 	 0.000000000037 
1.000000000000 	 36.000000000000 	 0.000000000035 
1.000000000000 	 37.000000000000 	 0.000000000033 
1.000000000000 	 38.000000000000 	 0.000000000031 
1.000000000000 	 39.000000000000 	 0.000000000028 

2.000000000000 	 1.000000000000 	 0.000000000016 
2.000000000000 	 2.000000000000 	 0.000000000022 
2.000000000000 	 3.000000000000 	 0.000000000028 
2.000000000000 	 4.000000000000 	 0.000000000034 
2.000000000000 	 5.000000000000 	 0.000000000039 
2.000000000000 	 6.000000000000 	 0.000000000045 
2.000000000000 	 7.000000000000 	 0.000000000050 
2.000000000000 	 8.000000000000 	 0.000000000055 
2.000000000000 	 9.000000000000 	 0.000000000060 
2.000000000000 	 10.000000000000 	 0.000000000065 
2.000000000000 	 11.000000000000 	 0.000000000069 
2.000000000000 	 12.000000000000 	 0.000000000074 
2.000000000000 	 13.000000000000 	 0.000000000077 
2.000000000000 	 14.000000000000 	 0.000000000081 
2.000000000000 	 15.000000000000 	 0.000000000084 
2.000000000000 	 16.000000000000 	 0.000000000087 
2.000000000000 	 17.000000000000 	 0.000000000090 
2.000000000000 	 18.000000000000 	 0.000000000092 
2.000000000000 	 19.000000000000 	 0.000000000094 
2.000000000000 	 20.000000000000 	 0.000000000095 
2.000000000000 	 21.000000000000 	 0.000000000097 
2.000000000000 	 22.000000000000 	 0.000000000097 
2.000000000000 	 23.000000000000 	 0.000000000098 
2.000000000000 	 24.000000000000 	 0.000000000098 
2.000000000000 	 25.000000000000 	 0.000000000098 
2.000000000000 	 26.000000000000 	 0.000000000097 
2.000000000000 	 27.000000000000 	 0.000000000096 
2.000000000000 	 28.000000000000 	 0.000000000094 
2.000000000000 	 29.000000000000 	 0.000000000092 
2.000000000000 	 30.000000000000 	 0.000000000090 
2.000000000000 	 31.000000000000 	 0.000000000088 
2.000000000000 	 32.000000000000 	 0.000000000085 
2.000000000000 	 33.000000000000 	 0.000000000081 
2.000000000000 	 34.000000000000 	 0.000000000078 
2.000000000000 	 35.000000000000 	 0.000000000074 
2.000000000000 	 36.000000000000 	 0.000000000070 
2.000000000000 	 37.000000000000 	 0.000000000066 
2.000000000000 	 38.000000000000 	 0.000000000061 
2.000000000000 	 39.000000000000 	 0.000000000056 

3.000000000000 	 1.000000000000 	 0.000000000024 
3.000000000000 	 2.000000000000 	 0.000000000033 
3.000000000000 	 3.000000000000 	 0.000000000042 
3.000000000000 	 4.000000000000 	 0.000000000050 
3.000000000000 	 5.000000000000 	 0.000000000059 
3.000000000000 	 6.000000000000 	 0.000000000067 
3.000000000000 	 7.000000000000 	 0.000000000075 
3.000000000000 	 8.000000000000 	 0.000000000083 
3.000000000000 	 9.000000000000 	 0.000000000090 
3.000000000000 	 10.000000000000 	 0.000000000097 
3.000000000000 	 11.000000000000 	 0.000000000103 
3.000000000000 	 12.000000000000 	 0.000000000110 
3.000000000000 	 13.000000000000 	 0.000000000116 
3.000000000000 	 14.000000000000 	 0.000000000121 
3.000000000000 	 15.000000000000 	 0.000000000126 
3.000000000000 	 16.000000000000 	 0.000000000130 
3.000000000000 	 17.000000000000 	 0.000000000134 
3.000000000000 	 18.000000000000 	 0.000000000137 
3.000000000000 	 19.000000000000 	 0.000000000140 
3.000000000000 	 20.000000000000 	 0.000000000142 
3.000000000000 	 21.000000000000 	 0.000000000144 
3.000000000000 	 22.000000000000 	 0.000000000145 
3.000000000000 	 23.000000000000 	 0.000000000146 
3.000000000000 	 24.000000000000 	 0.000000000146 
3.000000000000 	 25.000000000000 	 0.000000000145 
3.000000000000 	 26.000000000000 	 0.000000000144 
3.000000000000 	 27.000000000000 	 0.000000000143 
3.000000000000 	 28.000000000000 	 0.000000000140 
3.000000000000 	 29.000000000000 	 0.000000000138 
3.000000000000 	 30.000000000000 	 0.000000000135 
3.000000000000 	 31.000000000000 	 0.000000000131 
3.000000000000 	 32.000000000000 	 0.000000000126 
3.000000000000 	 33.000000000000 	 0.000000000121 
3.000000000000 	 34.000000000000 	 0.000000000116 
3.000000000000 	 35.000000000000 	 0.000000000111 
3.000000000000 	 36.000000000000 	 0.000000000104 
3.000000000000 	 37.000000000000 	 0.000000000098 
3.000000000000 	 38.000000000000 	 0.000000000091 
3.000000000000 	 39.000000000000 	 0.000000000084 

4.000000000000 	 1.000000000000 	 0.000000000032 
4.000000000000 	 2.000000000000 	 0.000000000044 
4.000000000000 	 3.000000000000 	 0.000000000055 
4.000000000000 	 4.000000000000 	 0.000000000067 
4.000000000000 	 5.000000000000 	 0.000000000078 
4.000000000000 	 6.000000000000 	 0.000000000089 
4.000000000000 	 7.000000000000 	 0.000000000099 
4.000000000000 	 8.000000000000 	 0.000000000109 
4.000000000000 	 9.000000000000 	 0.000000000119 
4.000000000000 	 10.000000000000 	 0.000000000128 
4.000000000000 	 11.000000000000 	 0.000000000137 
4.000000000000 	 12.000000000000 	 0.000000000145 
4.000000000000 	 13.000000000000 	 0.000000000153 
4.000000000000 	 14.000000000000 	 0.000000000160 
4.000000000000 	 15.000000000000 	 0.000000000166 
4.000000000000 	 16.000000000000 	 0.000000000172 
4.000000000000 	 17.000000000000 	 0.000000000177 
4.000000000000 	 18.000000000000 	 0.000000000182 
4.000000000000 	 19.000000000000 	 0.000000000186 
4.000000000000 	 20.000000000000 	 0.000000000189 
4.000000000000 	 21.000000000000 	 0.000000000191 
4.000000000000 	 22.000000000000 	 0.000000000192 
4.000000000000 	 23.000000000000 	 0.000000000193 
4.000000000000 	 24.000000000000 	 0.000000000193 
4.000000000000 	 25.000000000000 	 0.000000000193 
4.000000000000 	 26.000000000000 	 0.000000000191 
4.000000000000 	 27.000000000000 	 0.000000000189 
4.000000000000 	 28.000000000000 	 0.000000000186 
4.000000000000 	 29.000000000000 	 0.000000000182 
4.000000000000 	 30.000000000000 	 0.000000000178 
4.000000000000 	 31.000000000000 	 0.000000000173 
4.000000000000 	 32.000000000000 	 0.000000000167 
4.000000000000 	 33.000000000000 	 0.000000000161 
4.000000000000 	 34.000000000000 	 0.000000000154 
4.000000000000 	 35.000000000000 	 0.000000000146 
4.000000000000 	 36.000000000000 	 0.000000000138 
4.000000000000 	 37.000000000000 	 0.000000000130 
4.000000000000 	 38.000000000000 	 0.000000000120 
4.000000000000 	 39.000000000000 	 0.000000000111 

5.000000000000 	 1.000000000000 	 0.000000000039 
5.000000000000 	 2.000000000000 	 0.000000000054 
5.000000000000 	 3.000000000000 	 0.000000000068 
5.000000000000 	 4.000000000000 	 0.000000000083 
5.000000000000 	 5.000000000000 	 0.000000000096 
5.000000000000 	 6.000000000000 	 0.000000000110 
5.000000000000 	 7.000000000000 	 0.000000000123 
5.000000000000 	 8.000000000000 	 0.000000000135 
5.000000000000 	 9.000000000000 	 0.000000000147 
5.000000000000 	 10.000000000000 	 0.000000000159 
5.000000000000 	 11.000000000000 	 0.000000000170 
5.000000000000 	 12.000000000000 	 0.000000000180 
5.000000000000 	 13.000000000000 	 0.000000000189 
5.000000000000 	 14.000000000000 	 0.000000000198 
5.000000000000 	 15.000000000000 	 0.000000000206 
5.000000000000 	 16.000000000000 	 0.000000000213 
5.000000000000 	 17.000000000000 	 0.000000000220 
5.000000000000 	 18.000000000000 	 0.000000000225 
5.000000000000 	 19.000000000000 	 0.000000000230 
5.000000000000 	 20.000000000000 	 0.000000000233 
5.000000000000 	 21.000000000000 	 0.000000000236 
5.000000000000 	 22.000000000000 	 0.000000000238 
5.000000000000 	 23.000000000000 	 0.000000000239 
5.000000000000 	 24.000000000000 	 0.000000000239 
5.000000000000 	 25.000000000000 	 0.000000000238 
5.000000000000 	 26.000000000000 	 0.000000000237 
5.000000000000 	 27.000000000000 	 0.000000000234 
5.000000000000 	 28.000000000000 	 0.000000000230 
5.000000000000 	 29.000000000000 	 0.000000000226 
5.000000000000 	 30.000000000000 	 0.000000000220 
5.000000000000 	 31.000000000000 	 0.000000000214 
5.000000000000 	 32.000000000000 	 0.000000000207 
5.000000000000 	 33.000000000000 	 0.000000000199 
5.000000000000 	 34.000000000000 	 0.000000000191 
5.000000000000 	 35.000000000000 	 0.000000000181 
5.000000000000 	 36.000000000000 	 0.000000000171 
5.000000000000 	 37.000000000000 	 0.000000000160 
5.000000000000 	 38.000000000000 	 0.000000000149 
5.000000000000 	 39.000000000000 	 0.000000000137 

6.000000000000 	 1.000000000000 	 0.000000000047 
6.000000000000 	 2.000000000000 	 0.000000000064 
6.000000000000 	 3.000000000000 	 0.000000000081 
6.000000000000 	 4.000000000000 	 0.000000000098 
6.000000000000 	 5.000000000000 	 0.000000000114 
6.000000000000 	 6.000000000000 	 0.000000000130 
6.000000000000 	 7.000000000000 	 0.000000000146 
6.000000000000 	 8.000000000000 	 0.000000000161 
6.000000000000 	 9.000000000000 	 0.000000000175 
6.000000000000 	 10.000000000000 	 0.000000000188 
6.000000000000 	 11.000000000000 	 0.000000000201 
6.000000000000 	 12.000000000000 	 0.000000000213 
6.000000000000 	 13.000000000000 	 0.000000000225 
6.000000000000 	 14.000000000000 	 0.000000000235 
6.000000000000 	 15.000000000000 	 0.000000000244 
6.000000000000 	 16.000000000000 	 0.000000000253 
6.000000000000 	 17.000000000000 	 0.000000000260 
6.000000000000 	 18.000000000000 	 0.000000000267 
6.000000000000 	 19.000000000000 	 0.000000000272 
6.000000000000 	 20.000000000000 	 0.000000000277 
6.000000000000 	 21.000000000000 	 0.000000000280 
6.000000000000 	 22.000000000000 	 0.000000000283 
6.000000000000 	 23.000000000000 	 0.000000000284 
6.000000000000 	 24.000000000000 	 0.000000000284 
6.000000000000 	 25.000000000000 	 0.000000000283 
6.000000000000 	 26.000000000000 	 0.000000000281 
6.000000000000 	 27.000000000000 	 0.000000000278 
6.000000000000 	 28.000000000000 	 0.000000000273 
6.000000000000 	 29.000000000000 	 0.000000000268 
6.000000000000 	 30.000000000000 	 0.000000000261 
6.000000000000 	 31.000000000000 	 0.000000000254 
6.000000000000 	 32.000000000000 	 0.000000000246 
6.000000000000 	 33.000000000000 	 0.000000000236 
6.000000000000 	 34.000000000000 	 0.000000000226 
6.000000000000 	 35.000000000000 	 0.000000000215 
6.000000000000 	 36.000000000000 	 0.000000000203 
6.000000000000 	 37.000000000000 	 0.000000000190 
6.000000000000 	 38.000000000000 	 0.000000000177 
6.000000000000 	 39.000000000000 	 0.000000000163 

7.000000000000 	 1.000000000000 	 0.000000000054 
7.000000000000 	 2.000000000000 	 0.000000000074 
7.000000000000 	 3.000000000000 	 0.000000000093 
7.000000000000 	 4.000000000000 	 0.000000000113 
7.000000000000 	 5.000000000000 	 0.000000000132 
7.000000000000 	 6.000000000000 	 0.000000000150 
7.000000000000 	 7.000000000000 	 0.000000000168 
7.000000000000 	 8.000000000000 	 0.000000000185 
7.000000000000 	 9.000000000000 	 0.000000000201 
7.000000000000 	 10.000000000000 	 0.000000000217 
7.000000000000 	 11.000000000000 	 0.000000000232 
7.000000000000 	 12.000000000000 	 0.000000000245 
7.000000000000 	 13.000000000000 	 0.000000000258 
7.000000000000 	 14.000000000000 	 0.000000000270 
7.000000000000 	 15.000000000000 	 0.000000000281 
7.000000000000 	 16.000000000000 	 0.000000000291 
7.000000000000 	 17.000000000000 	 0.000000000300 
7.000000000000 	 18.000000000000 	 0.000000000307 
7.000000000000 	 19.000000000000 	 0.000000000314 
7.000000000000 	 20.000000000000 	 0.000000000319 
7.000000000000 	 21.000000000000 	 0.000000000323 
7.000000000000 	 22.000000000000 	 0.000000000325 
7.000000000000 	 23.000000000000 	 0.000000000327 
7.000000000000 	 24.000000000000 	 0.000000000327 
7.000000000000 	 25.000000000000 	 0.000000000325 
7.000000000000 	 26.000000000000 	 0.000000000323 
7.000000000000 	 27.000000000000 	 0.000000000319 
7.000000000000 	 28.000000000000 	 0.000000000314 
7.000000000000 	 29.000000000000 	 0.000000000308 
7.000000000000 	 30.000000000000 	 0.000000000301 
7.000000000000 	 31.000000000000 	 0.000000000292 
7.000000000000 	 32.000000000000 	 0.000000000283 
7.000000000000 	 33.000000000000 	 0.000000000272 
7.000000000000 	 34.000000000000 	 0.000000000260 
7.000000000000 	 35.000000000000 	 0.000000000248 
7.000000000000 	 36.000000000000 	 0.000000000234 
7.000000000000 	 37.000000000000 	 0.000000000219 
7.000000000000 	 38.000000000000 	 0.000000000204 
7.000000000000 	 39.000000000000 	 0.000000000187 

8.000000000000 	 1.000000000000 	 0.000000000060 
8.000000000000 	 2.000000000000 	 0.000000000083 
8.000000000000 	 3.000000000000 	 0.000000000105 
8.000000000000 	 4.000000000000 	 0.000000000127 
8.000000000000 	 5.000000000000 	 0.000000000148 
8.000000000000 	 6.000000000000 	 0.000000000169 
8.000000000000 	 7.000000000000 	 0.000000000189 
8.000000000000 	 8.000000000000 	 0.000000000208 
8.000000000000 	 9.000000000000 	 0.000000000226 
8.000000000000 	 10.000000000000 	 0.000000000244 
8.000000000000 	 11.000000000000 	 0.000000000261 
8.000000000000 	 12.000000000000 	 0.000000000276 
8.000000000000 	 13.000000000000 	 0.000000000291 
8.000000000000 	 14.000000000000 	 0.000000000304 
8.000000000000 	 15.000000000000 	 0.000000000316 
8.000000000000 	 16.000000000000 	 0.000000000327 
8.000000000000 	 17.000000000000 	 0.000000000337 
8.000000000000 	 18.000000000000 	 0.000000000346 
8.000000000000 	 19.000000000000 	 0.000000000353 
8.000000000000 	 20.000000000000 	 0.000000000359 
8.000000000000 	 21.000000000000 	 0.000000000363 
8.000000000000 	 22.000000000000 	 0.000000000366 
8.000000000000 	 23.000000000000 	 0.000000000367 
8.000000000000 	 24.000000000000 	 0.000000000367 
8.000000000000 	 25.000000000000 	 0.000000000366 
8.000000000000 	 26.000000000000 	 0.000000000363 
8.000000000000 	 27.000000000000 	 0.000000000359 
8.000000000000 	 28.000000000000 	 0.000000000354 
8.000000000000 	 29.000000000000 	 0.000000000347 
8.000000000000 	 30.000000000000 	 0.000000000339 
8.000000000000 	 31.000000000000 	 0.000000000329 
8.000000000000 	 32.000000000000 	 0.000000000318 
8.000000000000 	 33.000000000000 	 0.000000000306 
8.000000000000 	 34.000000000000 	 0.000000000293 
8.000000000000 	 35.000000000000 	 0.000000000278 
8.000000000000 	 36.000000000000 	 0.000000000263 
8.000000000000 	 37.000000000000 	 0.000000000246 
8.000000000000 	 38.000000000000 	 0.000000000229 
8.000000000000 	 39.000000000000 	 0.000000000211 

9.000000000000 	 1.000000000000 	 0.000000000067 
9.000000000000 	 2.000000000000 	 0.000000000092 
9.000000000000 	 3.000000000000 	 0.000000000116 
9.000000000000 	 4.000000000000 	 0.000000000140 
9.000000000000 	 5.000000000000 	 0.000000000164 
9.000000000000 	 6.000000000000 	 0.000000000186 
9.000000000000 	 7.000000000000 	 0.000000000208 
9.000000000000 	 8.000000000000 	 0.000000000230 
9.000000000000 	 9.000000000000 	 0.000000000250 
9.000000000000 	 10.000000000000 	 0.000000000270 
9.000000000000 	 11.000000000000 	 0.000000000288 
9.000000000000 	 12.000000000000 	 0.000000000305 
9.000000000000 	 13.000000000000 	 0.000000000321 
9.000000000000 	 14.000000000000 	 0.000000000336 
9.000000000000 	 15.000000000000 	 0.000000000350 
9.000000000000 	 16.000000000000 	 0.000000000362 
9.000000000000 	 17.000000000000 	 0.000000000373 
9.000000000000 	 18.000000000000 	 0.000000000382 
9.000000000000 	 19.000000000000 	 0.000000000390 
9.000000000000 	 20.000000000000 	 0.000000000396 
9.000000000000 	 21.000000000000 	 0.000000000401 
9.000000000000 	 22.000000000000 	 0.000000000404 
9.000000000000 	 23.000000000000 	 0.000000000406 
9.000000000000 	 24.000000000000 	 0.000000000406 
9.000000000000 	 25.000000000000 	 0.000000000404 
9.000000000000 	 26.000000000000 	 0.000000000401 
9.000000000000 	 27.000000000000 	 0.000000000397 
9.000000000000 	 28.000000000000 	 0.000000000391 
9.000000000000 	 29.000000000000 	 0.000000000383 
9.000000000000 	 30.000000000000 	 0.000000000374 
9.000000000000 	 31.000000000000 	 0.000000000363 
9.000000000000 	 32.000000000000 	 0.000000000351 
9.000000000000 	 33.000000000000 	 0.000000000338 
9.000000000000 	 34.000000000000 	 0.000000000323 
9.000000000000 	 35.000000000000 	 0.000000000308 
9.000000000000 	 36.000000000000 	 0.000000000291 
9.000000000000 	 37.000000000000 	 0.000000000272 
9.000000000000 	 38.000000000000 	 0.000000000253 
9.000000000000 	 39.000000000000 	 0.000000000233 

10.000000000000 	 1.000000000000 	 0.000000000073 
10.000000000000 	 2.000000000000 	 0.000000000100 
10.000000000000 	 3.000000000000 	 0.000000000126 
10.000000000000 	 4.000000000000 	 0.000000000152 
10.000000000000 	 5.000000000000 	 0.000000000178 
10.000000000000 	 6.000000000000 	 0.000000000203 
10.000000000000 	 7.000000000000 	 0.000000000227 
10.000000000000 	 8.000000000000 	 0.000000000250 
10.000000000000 	 9.000000000000 	 0.000000000272 
10.000000000000 	 10.000000000000 	 0.000000000293 
10.000000000000 	 11.000000000000 	 0.000000000313 
10.000000000000 	 12.000000000000 	 0.000000000332 
10.000000000000 	 13.000000000000 	 0.000000000350 
10.000000000000 	 14.000000000000 	 0.000000000366 
10.000000000000 	 15.000000000000 	 0.000000000381 
10.000000000000 	 16.000000000000 	 0.000000000394 
10.000000000000 	 17.000000000000 	 0.000000000406 
10.000000000000 	 18.000000000000 	 0.000000000416 
10.000000000000 	 19.000000000000 	 0.000000000424 
10.000000000000 	 20.000000000000 	 0.000000000431 
10.000000000000 	 21.000000000000 	 0.000000000436 
10.000000000000 	 22.000000000000 	 0.000000000440 
10.000000000000 	 23.000000000000 	 0.000000000442 
10.000000000000 	 24.000000000000 	 0.000000000442 
10.000000000000 	 25.000000000000 	 0.000000000440 
10.000000000000 	 26.000000000000 	 0.000000000437 
10.000000000000 	 27.000000000000 	 0.000000000432 
10.000000000000 	 28.000000000000 	 0.000000000425 
10.000000000000 	 29.000000000000 	 0.000000000417 
10.000000000000 	 30.000000000000 	 0.000000000407 
10.000000000000 	 31.000000000000 	 0.000000000396 
10.000000000000 	 32.000000000000 	 0.000000000383 
10.000000000000 	 33.000000000000 	 0.000000000368 
10.000000000000 	 34.000000000000 	 0.000000000352 
10.000000000000 	 35.000000000000 	 0.000000000335 
10.000000000000 	 36.000000000000 	 0.000000000316 
10.000000000000 	 37.000000000000 	 0.000000000296 
10.000000000000 	 38.000000000000 	 0.000000000275 
10.000000000000 	 39.000000000000 	 0.000000000253 

11.000000000000 	 1.000000000000 	 0.000000000078 
11.000000000000 	 2.000000000000 	 0.000000000107 
11.000000000000 	 3.000000000000 	 0.000000000136 
11.000000000000 	 4.000000000000 	 0.000000000164 
11.000000000000 	 5.000000000000 	 0.000000000191 
11.000000000000 	 6.000000000000 	 0.000000000218 
11.000000000000 	 7.000000000000 	 0.000000000244 
11.000000000000 	 8.000000000000 	 0.000000000269 
11.000000000000 	 9.000000000000 	 0.000000000293 
11.000000000000 	 10.000000000000 	 0.000000000316 
11.000000000000 	 11.000000000000 	 0.000000000337 
11.000000000000 	 12.000000000000 	 0.000000000357 
11.000000000000 	 13.000000000000 	 0.000000000376 
11.000000000000 	 14.000000000000 	 0.000000000393 
11.000000000000 	 15.000000000000 	 0.000000000409 
11.000000000000 	 16.000000000000 	 0.000000000424 
11.000000000000 	 17.000000000000 	 0.000000000436 
11.000000000000 	 18.000000000000 	 0.000000000447 
11.000000000000 	 19.000000000000 	 0.000000000456 
11.000000000000 	 20.000000000000 	 0.000000000464 
11.000000000000 	 21.000000000000 	 0.000000000469 
11.000000000000 	 22.000000000000 	 0.000000000473 
11.000000000000 	 23.000000000000 	 0.000000000475 
11.000000000000 	 24.000000000000 	 0.000000000475 
11.000000000000 	 25.000000000000 	 0.000000000474 
11.000000000000 	 26.000000000000 	 0.000000000470 
11.000000000000 	 27.000000000000 	 0.000000000465 
11.000000000000 	 28.000000000000 	 0.000000000458 
11.000000000000 	 29.000000000000 	 0.000000000449 
11.000000000000 	 30.000000000000 	 0.000000000438 
11.000000000000 	 31.000000000000 	 0.000000000426 
11.000000000000 	 32.000000000000 	 0.000000000412 
11.000000000000 	 33.000000000000 	 0.000000000396 
11.000000000000 	 34.000000000000 	 0.000000000379 
11.000000000000 	 35.000000000000 	 0.000000000360 
11.000000000000 	 36.000000000000 	 0.000000000340 
11.000000000000 	 37.000000000000 	 0.000000000319 
11.000000000000 	 38.000000000000 	 0.000000000296 
11.000000000000 	 39.000000000000 	 0.000000000273 

12.000000000000 	 1.000000000000 	 0.000000000083 
12.000000000000 	 2.000000000000 	 0.000000000114 
12.000000000000 	 3.000000000000 	 0.000000000145 
12.000000000000 	 4.000000000000 	 0.000000000174 
12.000000000000 	 5.000000000000 	 0.000000000204 
12.000000000000 	 6.000000000000 	 0.000000000232 
12.000000000000 	 7.000000000000 	 0.000000000260 
12.000000000000 	 8.000000000000 	 0.000000000286 
12.000000000000 	 9.000000000000 	 0.000000000312 
12.000000000000 	 10.000000000000 	 0.000000000336 
12.000000000000 	 11.000000000000 	 0.000000000359 
12.000000000000 	 12.000000000000 	 0.000000000380 
12.000000000000 	 13.000000000000 	 0.000000000400 
12.000000000000 	 14.000000000000 	 0.000000000419 
12.000000000000 	 15.000000000000 	 0.000000000435 
12.000000000000 	 16.000000000000 	 0.000000000451 
12.000000000000 	 17.000000000000 	 0.000000000464 
12.000000000000 	 18.000000000000 	 0.000000000476 
12.000000000000 	 19.000000000000 	 0.000000000485 
12.000000000000 	 20.000000000000 	 0.000000000493 
12.000000000000 	 21.000000000000 	 0.000000000499 
12.000000000000 	 22.000000000000 	 0.000000000503 
12.000000000000 	 23.000000000000 	 0.000000000505 
12.000000000000 	 24.000000000000 	 0.000000000506 
12.000000000000 	 25.000000000000 	 0.000000000504 
12.000000000000 	 26.000000000000 	 0.000000000500 
12.000000000000 	 27.000000000000 	 0.000000000494 
12.000000000000 	 28.000000000000 	 0.000000000487 
12.000000000000 	 29.000000000000 	 0.000000000477 
12.000000000000 	 30.000000000000 	 0.000000000466 
12.000000000000 	 31.000000000000 	 0.000000000453 
12.000000000000 	 32.000000000000 	 0.000000000438 
12.000000000000 	 33.000000000000 	 0.000000000421 
12.000000000000 	 34.000000000000 	 0.000000000403 
12.000000000000 	 35.000000000000 	 0.000000000383 
12.000000000000 	 36.000000000000 	 0.000000000362 
12.000000000000 	 37.000000000000 	 0.000000000339 
12.000000000000 	 38.000000000000 	 0.000000000315 
12.000000000000 	 39.000000000000 	 0.000000000290 

13.000000000000 	 1.000000000000 	 0.000000000088 
13.000000000000 	 2.000000000000 	 0.000000000120 
13.000000000000 	 3.000000000000 	 0.000000000152 
13.000000000000 	 4.000000000000 	 0.000000000184 
13.000000000000 	 5.000000000000 	 0.000000000215 
13.000000000000 	 6.000000000000 	 0.000000000245 
13.000000000000 	 7.000000000000 	 0.000000000274 
13.000000000000 	 8.000000000000 	 0.000000000302 
13.000000000000 	 9.000000000000 	 0.000000000328 
13.000000000000 	 10.000000000000 	 0.000000000354 
13.000000000000 	 11.000000000000 	 0.000000000378 
13.000000000000 	 12.000000000000 	 0.000000000401 
13.000000000000 	 13.000000000000 	 0.000000000422 
13.000000000000 	 14.000000000000 	 0.000000000441 
13.000000000000 	 15.000000000000 	 0.000000000459 
13.000000000000 	 16.000000000000 	 0.000000000475 
13.000000000000 	 17.000000000000 	 0.000000000489 
13.000000000000 	 18.000000000000 	 0.000000000501 
13.000000000000 	 19.000000000000 	 0.000000000512 
13.000000000000 	 20.000000000000 	 0.000000000520 
13.000000000000 	 21.000000000000 	 0.000000000526 
13.000000000000 	 22.000000000000 	 0.000000000531 
13.000000000000 	 23.000000000000 	 0.000000000533 
13.000000000000 	 24.000000000000 	 0.000000000533 
13.000000000000 	 25.000000000000 	 0.000000000531 
13.000000000000 	 26.000000000000 	 0.000000000527 
13.000000000000 	 27.000000000000 	 0.000000000521 
13.000000000000 	 28.000000000000 	 0.000000000513 
13.000000000000 	 29.000000000000 	 0.000000000503 
13.000000000000 	 30.000000000000 	 0.000000000491 
13.000000000000 	 31.000000000000 	 0.000000000477 
13.000000000000 	 32.000000000000 	 0.000000000461 
13.000000000000 	 33.000000000000 	 0.000000000444 
13.000000000000 	 34.000000000000 	 0.000000000425 
13.000000000000 	 35.000000000000 	 0.000000000404 
13.000000000000 	 36.000000000000 	 0.000000000381 
13.000000000000 	 37.000000000000 	 0.000000000357 
13.000000000000 	 38.000000000000 	 0.000000000332 
13.000000000000 	 39.000000000000 	 0.000000000306 

14.000000000000 	 1.000000000000 	 0.000000000092 
14.000000000000 	 2.000000000000 	 0.000000000126 
14.000000000000 	 3.000000000000 	 0.000000000159 
14.000000000000 	 4.000000000000 	 0.000000000192 
14.000000000000 	 5.000000000000 	 0.000000000224 
14.000000000000 	 6.000000000000 	 0.000000000256 
14.000000000000 	 7.000000000000 	 0.000000000286 
14.000000000000 	 8.000000000000 	 0.000000000315 
14.000000000000 	 9.000000000000 	 0.000000000343 
14.000000000000 	 10.000000000000 	 0.000000000370 
14.000000000000 	 11.000000000000 	 0.000000000395 
14.000000000000 	 12.000000000000 	 0.000000000419 
14.000000000000 	 13.000000000000 	 0.000000000441 
14.000000000000 	 14.000000000000 	 0.000000000461 
14.000000000000 	 15.000000000000 	 0.000000000480 
14.000000000000 	 16.000000000000 	 0.000000000496 
14.000000000000 	 17.000000000000 	 0.000000000511 
14.000000000000 	 18.000000000000 	 0.000000000524 
14.000000000000 	 19.000000000000 	 0.000000000535 
14.000000000000 	 20.000000000000 	 0.000000000543 
14.000000000000 	 21.000000000000 	 0.000000000550 
14.000000000000 	 22.000000000000 	 0.000000000554 
14.000000000000 	 23.000000000000 	 0.000000000557 
14.000000000000 	 24.000000000000 	 0.000000000557 
14.000000000000 	 25.000000000000 	 0.000000000555 
14.000000000000 	 26.000000000000 	 0.000000000551 
14.000000000000 	 27.000000000000 	 0.000000000544 
14.000000000000 	 28.000000000000 	 0.000000000536 
14.000000000000 	 29.000000000000 	 0.000000000526 
14.000000000000 	 30.000000000000 	 0.000000000513 
14.000000000000 	 31.000000000000 	 0.000000000499 
14.000000000000 	 32.000000000000 	 0.000000000482 
14.000000000000 	 33.000000000000 	 0.000000000464 
14.000000000000 	 34.000000000000 	 0.000000000444 
14.000000000000 	 35.000000000000 	 0.000000000422 
14.000000000000 	 36.000000000000 	 0.000000000398 
14.000000000000 	 37.000000000000 	 0.000000000374 
14.000000000000 	 38.000000000000 	 0.000000000347 
14.000000000000 	 39.000000000000 	 0.000000000319 

15.000000000000 	 1.000000000000 	 0.000000000095 
15.000000000000 	 2.000000000000 	 0.000000000130 
15.000000000000 	 3.000000000000 	 0.000000000165 
15.000000000000 	 4.000000000000 	 0.000000000199 
15.000000000000 	 5.000000000000 	 0.000000000233 
15.000000000000 	 6.000000000000 	 0.000000000265 
15.000000000000 	 7.000000000000 	 0.000000000296 
15.000000000000 	 8.000000000000 	 0.000000000327 
15.000000000000 	 9.000000000000 	 0.000000000356 
15.000000000000 	 10.000000000000 	 0.000000000383 
15.000000000000 	 11.000000000000 	 0.000000000409 
15.000000000000 	 12.000000000000 	 0.000000000434 
15.000000000000 	 13.000000000000 	 0.000000000457 
15.000000000000 	 14.000000000000 	 0.000000000478 
15.000000000000 	 15.000000000000 	 0.000000000497 
15.000000000000 	 16.000000000000 	 0.000000000515 
15.000000000000 	 17.000000000000 	 0.000000000530 
15.000000000000 	 18.000000000000 	 0.000000000543 
15.000000000000 	 19.000000000000 	 0.000000000554 
15.000000000000 	 20.000000000000 	 0.000000000563 
15.000000000000 	 21.000000000000 	 0.000000000570 
15.000000000000 	 22.000000000000 	 0.000000000575 
15.000000000000 	 23.000000000000 	 0.000000000577 
15.000000000000 	 24.000000000000 	 0.000000000577 
15.000000000000 	 25.000000000000 	 0.000000000575 
15.000000000000 	 26.000000000000 	 0.000000000571 
15.000000000000 	 27.000000000000 	 0.000000000565 
15.000000000000 	 28.000000000000 	 0.000000000556 
15.000000000000 	 29.000000000000 	 0.000000000545 
15.000000000000 	 30.000000000000 	 0.000000000532 
15.000000000000 	 31.000000000000 	 0.000000000517 
15.000000000000 	 32.000000000000 	 0.000000000500 
15.000000000000 	 33.000000000000 	 0.000000000481 
15.000000000000 	 34.000000000000 	 0.000000000460 
15.000000000000 	 35.000000000000 	 0.000000000438 
15.000000000000 	 36.000000000000 	 0.000000000413 
15.000000000000 	 37.000000000000 	 0.000000000387 
15.000000000000 	 38.000000000000 	 0.000000000360 
15.000000000000 	 39.000000000000 	 0.000000000331 

16.000000000000 	 1.000000000000 	 0.000000000098 
16.000000000000 	 2.000000000000 	 0.000000000134 
16.000000000000 	 3.000000000000 	 0.000000000170 
16.000000000000 	 4.000000000000 	 0.000000000205 
16.000000000000 	 5.000000000000 	 0.000000000239 
16.000000000000 	 6.000000000000 	 0.000000000273 
16.000000000000 	 7.000000000000 	 0.000000000305 
16.000000000000 	 8.000000000000 	 0.000000000336 
16.000000000000 	 9.000000000000 	 0.000000000366 
16.000000000000 	 10.000000000000 	 0.000000000395 
16.000000000000 	 11.000000000000 	 0.000000000422 
16.000000000000 	 12.000000000000 	 0.000000000447 
16.000000000000 	 13.000000000000 	 0.000000000470 
16.000000000000 	 14.000000000000 	 0.000000000492 
16.000000000000 	 15.000000000000 	 0.000000000512 
16.000000000000 	 16.000000000000 	 0.000000000530 
16.000000000000 	 17.000000000000 	 0.000000000546 
16.000000000000 	 18.000000000000 	 0.000000000559 
16.000000000000 	 19.000000000000 	 0.000000000571 
16.000000000000 	 20.000000000000 	 0.000000000580 
16.000000000000 	 21.000000000000 	 0.000000000587 
16.000000000000 	 22.000000000000 	 0.000000000592 
16.000000000000 	 23.000000000000 	 0.000000000594 
16.000000000000 	 24.000000000000 	 0.000000000594 
16.000000000000 	 25.000000000000 	 0.000000000592 
16.000000000000 	 26.000000000000 	 0.000000000588 
16.000000000000 	 27.000000000000 	 0.000000000581 
16.000000000000 	 28.000000000000 	 0.000000000572 
16.000000000000 	 29.000000000000 	 0.000000000561 
16.000000000000 	 30.000000000000 	 0.000000000548 
16.000000000000 	 31.000000000000 	 0.000000000532 
16.000000000000 	 32.000000000000 	 0.000000000515 
16.000000000000 	 33.000000000000 	 0.000000000495 
16.000000000000 	 34.000000000000 	 0.000000000474 
16.000000000000 	 35.000000000000 	 0.000000000450 
16.000000000000 	 36.000000000000 	 0.000000000425 
16.000000000000 	 37.000000000000 	 0.000000000399 
16.000000000000 	 38.000000000000 	 0.000000000370 
16.000000000000 	 39.000000000000 	 0.000000000341 

17.000000000000 	 1.000000000000 	 0.000000000100 
17.000000000000 	 2.000000000000 	 0.000000000137 
17.000000000000 	 3.000000000000 	 0.000000000174 
17.000000000000 	 4.000000000000 	 0.000000000210 
17.000000000000 	 5.000000000000 	 0.000000000245 
17.000000000000 	 6.000000000000 	 0.000000000279 
17.000000000000 	 7.000000000000 	 0.000000000312 
17.000000000000 	 8.000000000000 	 0.000000000344 
17.000000000000 	 9.000000000000 	 0.000000000374 
17.000000000000 	 10.000000000000 	 0.000000000403 
17.000000000000 	 11.000000000000 	 0.000000000431 
17.000000000000 	 12.000000000000 	 0.000000000457 
17.000000000000 	 13.000000000000 	 0.000000000481 
17.000000000000 	 14.000000000000 	 0.000000000503 
17.000000000000 	 15.000000000000 	 0.000000000523 
17.000000000000 	 16.000000000000 	 0.000000000542 
17.000000000000 	 17.000000000000 	 0.000000000558 
17.000000000000 	 18.000000000000 	 0.000000000572 
17.000000000000 	 19.000000000000 	 0.000000000584 
17.000000000000 	 20.000000000000 	 0.000000000593 
17.000000000000 	 21.000000000000 	 0.000000000600 
17.000000000000 	 22.000000000000 	 0.000000000605 
17.000000000000 	 23.000000000000 	 0.000000000608 
17.000000000000 	 24.000000000000 	 0.000000000608 
17.000000000000 	 25.000000000000 	 0.000000000606 
17.000000000000 	 26.000000000000 	 0.000000000601 
17.000000000000 	 27.000000000000 	 0.000000000594 
17.000000000000 	 28.000000000000 	 0.000000000585 
17.000000000000 	 29.000000000000 	 0.000000000574 
17.000000000000 	 30.000000000000 	 0.000000000560 
17.000000000000 	 31.000000000000 	 0.000000000544 
17.000000000000 	 32.000000000000 	 0.000000000526 
17.000000000000 	 33.000000000000 	 0.000000000506 
17.000000000000 	 34.000000000000 	 0.000000000484 
17.000000000000 	 35.000000000000 	 0.000000000461 
17.000000000000 	 36.000000000000 	 0.000000000435 
17.000000000000 	 37.000000000000 	 0.000000000408 
17.000000000000 	 38.000000000000 	 0.000000000379 
17.000000000000 	 39.000000000000 	 0.000000000348 

18.000000000000 	 1.000000000000 	 0.000000000102 
18.000000000000 	 2.000000000000 	 0.000000000139 
18.000000000000 	 3.000000000000 	 0.000000000176 
18.000000000000 	 4.000000000000 	 0.000000000213 
18.000000000000 	 5.000000000000 	 0.000000000249 
18.000000000000 	 6.000000000000 	 0.000000000283 
18.000000000000 	 7.000000000000 	 0.000000000317 
18.000000000000 	 8.000000000000 	 0.000000000349 
18.000000000000 	 9.000000000000 	 0.000000000380 
18.000000000000 	 10.000000000000 	 0.000000000410 
18.000000000000 	 11.000000000000 	 0.000000000438 
18.000000000000 	 12.000000000000 	 0.000000000464 
18.000000000000 	 13.000000000000 	 0.000000000489 
18.000000000000 	 14.000000000000 	 0.000000000511 
18.000000000000 	 15.000000000000 	 0.000000000532 
18.000000000000 	 16.000000000000 	 0.000000000550 
18.000000000000 	 17.000000000000 	 0.000000000567 
18.000000000000 	 18.000000000000 	 0.000000000581 
18.000000000000 	 19.000000000000 	 0.000000000593 
18.000000000000 	 20.000000000000 	 0.000000000602 
18.000000000000 	 21.000000000000 	 0.000000000610 
18.000000000000 	 22.000000000000 	 0.000000000615 
18.000000000000 	 23.000000000000 	 0.000000000617 
18.000000000000 	 24.000000000000 	 0.000000000617 
18.000000000000 	 25.000000000000 	 0.000000000615 
18.000000000000 	 26.000000000000 	 0.000000000611 
18.000000000000 	 27.000000000000 	 0.000000000604 
18.000000000000 	 28.000000000000 	 0.000000000594 
18.000000000000 	 29.000000000000 	 0.000000000583 
18.000000000000 	 30.000000000000 	 0.000000000569 
18.000000000000 	 31.000000000000 	 0.000000000553 
18.000000000000 	 32.000000000000 	 0.000000000535 
18.000000000000 	 33.000000000000 	 0.000000000514 
18.000000000000 	 34.000000000000 	 0.000000000492 
18.000000000000 	 35.000000000000 	 0.000000000468 
18.000000000000 	 36.000000000000 	 0.000000000442 
18.000000000000 	 37.000000000000 	 0.000000000414 
18.000000000000 	 38.000000000000 	 0.000000000385 
18.000000000000 	 39.000000000000 	 0.000000000354 

19.000000000000 	 1.000000000000 	 0.000000000103 
19.000000000000 	 2.000000000000 	 0.000000000141 
19.000000000000 	 3.000000000000 	 0.000000000178 
19.000000000000 	 4.000000000000 	 0.000000000215 
19.000000000000 	 5.000000000000 	 0.000000000251 
19.000000000000 	 6.000000000000 	 0.000000000286 
19.000000000000 	 7.000000000000 	 0.000000000320 
19.000000000000 	 8.000000000000 	 0.000000000353 
19.000000000000 	 9.000000000000 	 0.000000000384 
19.000000000000 	 10.000000000000 	 0.000000000414 
19.000000000000 	 11.000000000000 	 0.000000000442 
19.000000000000 	 12.000000000000 	 0.000000000468 
19.000000000000 	 13.000000000000 	 0.000000000493 
19.000000000000 	 14.000000000000 	 0.000000000516 
19.000000000000 	 15.000000000000 	 0.000000000537 
19.000000000000 	 16.000000000000 	 0.000000000555 
19.000000000000 	 17.000000000000 	 0.000000000572 
19.000000000000 	 18.000000000000 	 0.000000000586 
19.000000000000 	 19.000000000000 	 0.000000000598 
19.000000000000 	 20.000000000000 	 0.000000000608 
19.000000000000 	 21.000000000000 	 0.000000000615 
19.000000000000 	 22.000000000000 	 0.000000000620 
19.000000000000 	 23.000000000000 	 0.000000000623 
19.000000000000 	 24.000000000000 	 0.000000000623 
19.000000000000 	 25.000000000000 	 0.000000000621 
19.000000000000 	 26.000000000000 	 0.000000000616 
19.000000000000 	 27.000000000000 	 0.000000000609 
19.000000000000 	 28.000000000000 	 0.000000000600 
19.000000000000 	 29.000000000000 	 0.000000000588 
19.000000000000 	 30.000000000000 	 0.000000000574 
19.000000000000 	 31.000000000000 	 0.000000000558 
19.000000000000 	 32.000000000000 	 0.000000000540 
19.000000000000 	 33.000000000000 	 0.000000000519 
19.000000000000 	 34.000000000000 	 0.000000000497 
19.000000000000 	 35.000000000000 	 0.000000000472 
19.000000000000 	 36.000000000000 	 0.000000000446 
19.000000000000 	 37.000000000000 	 0.000000000418 
19.000000000000 	 38.000000000000 	 0.000000000388 
19.000000000000 	 39.000000000000 	 0.000000000357 

20.000000000000 	 1.000000000000 	 0.000000000103 
20.000000000000 	 2.000000000000 	 0.000000000141 
20.000000000000 	 3.000000000000 	 0.000000000179 
20.000000000000 	 4.000000000000 	 0.000000000216 
20.000000000000 	 5.000000000000 	 0.000000000252 
20.000000000000 	 6.000000000000 	 0.000000000287 
20.000000000000 	 7.000000000000 	 0.000000000321 
20.000000000000 	 8.000000000000 	 0.000000000354 
20.000000000000 	 9.000000000000 	 0.000000000385 
20.000000000000 	 10.000000000000 	 0.000000000415 
20.000000000000 	 11.000000000000 	 0.000000000443 
20.000000000000 	 12.000000000000 	 0.000000000470 
20.000000000000 	 13.000000000000 	 0.000000000495 
20.000000000000 	 14.000000000000 	 0.000000000517 
20.000000000000 	 15.000000000000 	 0.000000000538 
20.000000000000 	 16.000000000000 	 0.000000000557 
20.000000000000 	 17.000000000000 	 0.000000000574 
20.000000000000 	 18.000000000000 	 0.000000000588 
20.000000000000 	 19.000000000000 	 0.000000000600 
20.000000000000 	 20.000000000000 	 0.000000000610 
20.000000000000 	 21.000000000000 	 0.000000000617 
20.000000000000 	 22.000000000000 	 0.000000000622 
20.000000000000 	 23.000000000000 	 0.000000000625 
20.000000000000 	 24.000000000000 	 0.000000000625 
20.000000000000 	 25.000000000000 	 0.000000000623 
20.000000000000 	 26.000000000000 	 0.000000000618 
20.000000000000 	 27.000000000000 	 0.000000000611 
20.000000000000 	 28.000000000000 	 0.000000000602 
20.000000000000 	 29.000000000000 	 0.000000000590 
20.000000000000 	 30.000000000000 	 0.000000000576 
20.000000000000 	 31.000000000000 	 0.000000000560 
20.000000000000 	 32.000000000000 	 0.000000000541 
20.000000000000 	 33.000000000000 	 0.000000000521 
20.000000000000 	 34.000000000000 	 0.000000000498 
20.000000000000 	 35.000000000000 	 0.000000000474 
20.000000000000 	 36.000000000000 	 0.000000000447 
20.000000000000 	 37.000000000000 	 0.000000000419 
20.000000000000 	 38.000000000000 	 0.000000000390 
20.000000000000 	 39.000000000000 	 0.000000000358 

21.000000000000 	 1.000000000000 	 0.000000000103 
21.000000000000 	 2.000000000000 	 0.000000000141 
21.000000000000 	 3.000000000000 	 0.000000000178 
21.000000000000 	 4.000000000000 	 0.000000000215 
21.000000000000 	 5.000000000000 	 0.000000000251 
21.000000000000 	 6.000000000000 	 0.000000000286 
21.000000000000 	 7.000000000000 	 0.000000000320 
21.000000000000 	 8.000000000000 	 0.000000000353 
21.000000000000 	 9.000000000000 	 0.000000000384 
21.000000000000 	 10.000000000000 	 0.000000000414 
21.000000000000 	 11.000000000000 	 0.000000000442 
21.000000000000 	 12.000000000000 	 0.000000000468 
21.000000000000 	 13.000000000000 	 0.000000000493 
21.000000000000 	 14.000000000000 	 0.000000000516 
21.000000000000 	 15.000000000000 	 0.000000000537 
21.000000000000 	 16.000000000000 	 0.000000000555 
21.000000000000 	 17.000000000000 	 0.000000000572 
21.000000000000 	 18.000000000000 	 0.000000000586 
21.000000000000 	 19.000000000000 	 0.000000000598 
21.000000000000 	 20.000000000000 	 0.000000000608 
21.000000000000 	 21.000000000000 	 0.000000000615 
21.000000000000 	 22.000000000000 	 0.000000000620 
21.000000000000 	 23.000000000000 	 0.000000000623 
21.000000000000 	 24.000000000000 	 0.000000000623 
21.000000000000 	 25.000000000000 	 0.000000000621 
21.000000000000 	 26.000000000000 	 0.000000000616 
21.000000000000 	 27.000000000000 	 0.000000000609 
21.000000000000 	 28.000000000000 	 0.000000000600 
21.000000000000 	 29.000000000000 	 0.000000000588 
21.000000000000 	 30.000000000000 	 0.000000000574 
21.000000000000 	 31.000000000000 	 0.000000000558 
21.000000000000 	 32.000000000000 	 0.000000000540 
21.000000000000 	 33.000000000000 	 0.000000000519 
21.000000000000 	 34.000000000000 	 0.000000000497 
21.000000000000 	 35.000000000000 	 0.000000000472 
21.000000000000 	 36.000000000000 	 0.000000000446 
21.000000000000 	 37.000000000000 	 0.000000000418 
21.000000000000 	 38.000000000000 	 0.000000000388 
21.000000000000 	 39.000000000000 	 0.000000000357 

22.000000000000 	 1.000000000000 	 0.000000000102 
22.000000000000 	 2.000000000000 	 0.000000000139 
22.000000000000 	 3.000000000000 	 0.000000000176 
22.000000000000 	 4.000000000000 	 0.000000000213 
22.000000000000 	 5.000000000000 	 0.000000000249 
22.000000000000 	 6.000000000000 	 0.000000000283 
22.000000000000 	 7.000000000000 	 0.000000000317 
22.000000000000 	 8.000000000000 	 0.000000000349 
22.000000000000 	 9.000000000000 	 0.000000000380 
22.000000000000 	 10.000000000000 	 0.000000000410 
22.000000000000 	 11.000000000000 	 0.000000000438 
22.000000000000 	 12.000000000000 	 0.000000000464 
22.000000000000 	 13.000000000000 	 0.000000000488 
22.000000000000 	 14.000000000000 	 0.000000000511 
22.000000000000 	 15.000000000000 	 0.000000000532 
22.000000000000 	 16.000000000000 	 0.000000000550 
22.000000000000 	 17.000000000000 	 0.000000000567 
22.000000000000 	 18.000000000000 	 0.000000000581 
22.000000000000 	 19.000000000000 	 0.000000000593 
22.000000000000 	 20.000000000000 	 0.000000000602 
22.000000000000 	 21.000000000000 	 0.000000000610 
22.000000000000 	 22.000000000000 	 0.000000000615 
22.000000000000 	 23.000000000000 	 0.000000000617 
22.000000000000 	 24.000000000000 	 0.000000000617 
22.000000000000 	 25.000000000000 	 0.000000000615 
22.000000000000 	 26.000000000000 	 0.000000000611 
22.000000000000 	 27.000000000000 	 0.000000000604 
22.000000000000 	 28.000000000000 	 0.000000000594 
22.000000000000 	 29.000000000000 	 0.000000000583 
22.000000000000 	 30.000000000000 	 0.000000000569 
22.000000000000 	 31.000000000000 	 0.000000000553 
22.000000000000 	 32.000000000000 	 0.000000000535 
22.000000000000 	 33.000000000000 	 0.000000000514 
22.000000000000 	 34.000000000000 	 0.000000000492 
22.000000000000 	 35.000000000000 	 0.000000000468 
22.000000000000 	 36.000000000000 	 0.000000000442 
22.000000000000 	 37.000000000000 	 0.000000000414 
22.000000000000 	 38.000000000000 	 0.000000000385 
22.000000000000 	 39.000000000000 	 0.000000000354 

23.000000000000 	 1.000000000000 	 0.000000000100 
23.000000000000 	 2.000000000000 	 0.000000000137 
23.000000000000 	 3.000000000000 	 0.000000000174 
23.000000000000 	 4.000000000000 	 0.000000000210 
23.000000000000 	 5.000000000000 	 0.000000000245 
23.000000000000 	 6.000000000000 	 0.000000000279 
23.000000000000 	 7.000000000000 	 0.000000000312 
23.000000000000 	 8.000000000000 	 0.000000000344 
23.000000000000 	 9.000000000000 	 0.000000000374 
23.000000000000 	 10.000000000000 	 0.000000000403 
23.000000000000 	 11.000000000000 	 0.000000000431 
23.000000000000 	 12.000000000000 	 0.000000000457 
23.000000000000 	 13.000000000000 	 0.000000000481 
23.000000000000 	 14.000000000000 	 0.000000000503 
23.000000000000 	 15.000000000000 	 0.000000000523 
23.000000000000 	 16.000000000000 	 0.000000000542 
23.000000000000 	 17.000000000000 	 0.000000000558 
23.000000000000 	 18.000000000000 	 0.000000000572 
23.000000000000 	 19.000000000000 	 0.000000000584 
23.000000000000 	 20.000000000000 	 0.000000000593 
23.000000000000 	 21.000000000000 	 0.000000000600 
23.000000000000 	 22.000000000000 	 0.000000000605 
23.000000000000 	 23.000000000000 	 0.000000000608 
23.000000000000 	 24.000000000000 	 0.000000000608 
23.000000000000 	 25.000000000000 	 0.000000000606 
23.000000000000 	 26.000000000000 	 0.000000000601 
23.000000000000 	 27.000000000000 	 0.000000000594 
23.000000000000 	 28.000000000000 	 0.000000000585 
23.000000000000 	 29.000000000000 	 0.000000000574 
23.000000000000 	 30.000000000000 	 0.000000000560 
23.000000000000 	 31.000000000000 	 0.000000000544 
23.000000000000 	 32.000000000000 	 0.000000000526 
23.000000000000 	 33.000000000000 	 0.000000000506 
23.000000000000 	 34.000000000000 	 0.000000000484 
23.000000000000 	 35.000000000000 	 0.000000000461 
23.000000000000 	 36.000000000000 	 0.000000000435 
23.000000000000 	 37.000000000000 	 0.000000000408 
23.000000000000 	 38.000000000000 	 0.000000000379 
23.000000000000 	 39.000000000000 	 0.000000000348 

24.000000000000 	 1.000000000000 	 0.000000000098 
24.000000000000 	 2.000000000000 	 0.000000000134 
24.000000000000 	 3.000000000000 	 0.000000000170 
24.000000000000 	 4.000000000000 	 0.000000000205 
24.000000000000 	 5.000000000000 	 0.000000000239 
24.000000000000 	 6.000000000000 	 0.000000000273 
24.000000000000 	 7.000000000000 	 0.000000000305 
24.000000000000 	 8.000000000000 	 0.000000000336 
24.000000000000 	 9.000000000000 	 0.000000000366 
24.000000000000 	 10.000000000000 	 0.000000000395 
24.000000000000 	 11.000000000000 	 0.000000000422 
24.000000000000 	 12.000000000000 	 0.000000000447 
24.000000000000 	 13.000000000000 	 0.000000000470 
24.000000000000 	 14.000000000000 	 0.000000000492 
24.000000000000 	 15.000000000000 	 0.000000000512 
24.000000000000 	 16.000000000000 	 0.000000000530 
24.000000000000 	 17.000000000000 	 0.000000000546 
24.000000000000 	 18.000000000000 	 0.000000000559 
24.000000000000 	 19.000000000000 	 0.000000000571 
24.000000000000 	 20.000000000000 	 0.000000000580 
24.000000000000 	 21.000000000000 	 0.000000000587 
24.000000000000 	 22.000000000000 	 0.000000000592 
24.000000000000 	 23.000000000000 	 0.000000000594 
24.000000000000 	 24.000000000000 	 0.000000000595 
24.000000000000 	 25.000000000000 	 0.000000000592 
24.000000000000 	 26.000000000000 	 0.000000000588 
24.000000000000 	 27.000000000000 	 0.000000000581 
24.000000000000 	 28.000000000000 	 0.000000000572 
24.000000000000 	 29.000000000000 	 0.000000000561 
24.000000000000 	 30.000000000000 	 0.000000000548 
24.000000000000 	 31.000000000000 	 0.000000000532 
24.000000000000 	 32.000000000000 	 0.000000000515 
24.000000000000 	 33.000000000000 	 0.000000000495 
24.000000000000 	 34.000000000000 	 0.000000000474 
24.000000000000 	 35.000000000000 	 0.000000000450 
24.000000000000 	 36.000000000000 	 0.000000000425 
24.000000000000 	 37.000000000000 	 0.000000000399 
24.000000000000 	 38.000000000000 	 0.000000000370 
24.000000000000 	 39.000000000000 	 0.000000000341 

25.000000000000 	 1.000000000000 	 0.000000000095 
25.000000000000 	 2.000000000000 	 0.000000000130 
25.000000000000 	 3.000000000000 	 0.000000000165 
25.000000000000 	 4.000000000000 	 0.000000000199 
25.000000000000 	 5.000000000000 	 0.000000000233 
25.000000000000 	 6.000000000000 	 0.000000000265 
25.000000000000 	 7.000000000000 	 0.000000000296 
25.000000000000 	 8.000000000000 	 0.000000000327 
25.000000000000 	 9.000000000000 	 0.000000000356 
25.000000000000 	 10.000000000000 	 0.000000000383 
25.000000000000 	 11.000000000000 	 0.000000000409 
25.000000000000 	 12.000000000000 	 0.000000000434 
25.000000000000 	 13.000000000000 	 0.000000000457 
25.000000000000 	 14.000000000000 	 0.000000000478 
25.000000000000 	 15.000000000000 	 0.000000000497 
25.000000000000 	 16.000000000000 	 0.000000000515 
25.000000000000 	 17.000000000000 	 0.000000000530 
25.000000000000 	 18.000000000000 	 0.000000000543 
25.000000000000 	 19.000000000000 	 0.000000000554 
25.000000000000 	 20.000000000000 	 0.000000000563 
25.000000000000 	 21.000000000000 	 0.000000000570 
25.000000000000 	 22.000000000000 	 0.000000000575 
25.000000000000 	 23.000000000000 	 0.000000000577 
25.000000000000 	 24.000000000000 	 0.000000000577 
25.000000000000 	 25.000000000000 	 0.000000000575 
25.000000000000 	 26.000000000000 	 0.000000000571 
25.000000000000 	 27.000000000000 	 0.000000000565 
25.000000000000 	 28.000000000000 	 0.000000000556 
25.000000000000 	 29.000000000000 	 0.000000000545 
25.000000000000 	 30.000000000000 	 0.000000000532 
25.000000000000 	 31.000000000000 	 0.000000000517 
25.000000000000 	 32.000000000000 	 0.000000000500 
25.000000000000 	 33.000000000000 	 0.000000000481 
25.000000000000 	 34.000000000000 	 0.000000000460 
25.000000000000 	 35.000000000000 	 0.000000000438 
25.000000000000 	 36.000000000000 	 0.000000000413 
25.000000000000 	 37.000000000000 	 0.000000000387 
25.000000000000 	 38.000000000000 	 0.000000000360 
25.000000000000 	 39.000000000000 	 0.000000000331 

26.000000000000 	 1.000000000000 	 0.000000000092 
26.000000000000 	 2.000000000000 	 0.000000000126 
26.000000000000 	 3.000000000000 	 0.000000000159 
26.000000000000 	 4.000000000000 	 0.000000000192 
26.000000000000 	 5.000000000000 	 0.000000000224 
26.000000000000 	 6.000000000000 	 0.000000000256 
26.000000000000 	 7.000000000000 	 0.000000000286 
26.000000000000 	 8.000000000000 	 0.000000000315 
26.000000000000 	 9.000000000000 	 0.000000000343 
26.000000000000 	 10.000000000000 	 0.000000000370 
26.000000000000 	 11.000000000000 	 0.000000000395 
26.000000000000 	 12.000000000000 	 0.000000000419 
26.000000000000 	 13.000000000000 	 0.000000000441 
26.000000000000 	 14.000000000000 	 0.000000000461 
26.000000000000 	 15.000000000000 	 0.000000000480 
26.000000000000 	 16.000000000000 	 0.000000000496 
26.000000000000 	 17.000000000000 	 0.000000000511 
26.000000000000 	 18.000000000000 	 0.000000000524 
26.000000000000 	 19.000000000000 	 0.000000000535 
26.000000000000 	 20.000000000000 	 0.000000000543 
26.000000000000 	 21.000000000000 	 0.000000000550 
26.000000000000 	 22.000000000000 	 0.000000000554 
26.000000000000 	 23.000000000000 	 0.000000000557 
26.000000000000 	 24.000000000000 	 0.000000000557 
26.000000000000 	 25.000000000000 	 0.000000000555 
26.000000000000 	 26.000000000000 	 0.000000000551 
26.000000000000 	 27.000000000000 	 0.000000000545 
26.000000000000 	 28.000000000000 	 0.000000000536 
26.000000000000 	 29.000000000000 	 0.000000000526 
26.000000000000 	 30.000000000000 	 0.000000000513 
26.000000000000 	 31.000000000000 	 0.000000000499 
26.000000000000 	 32.000000000000 	 0.000000000482 
26.000000000000 	 33.000000000000 	 0.000000000464 
26.000000000000 	 34.000000000000 	 0.000000000444 
26.000000000000 	 35.000000000000 	 0.000000000422 
26.000000000000 	 36.000000000000 	 0.000000000399 
26.000000000000 	 37.000000000000 	 0.000000000374 
26.000000000000 	 38.000000000000 	 0.000000000347 
26.000000000000 	 39.000000000000 	 0.000000000319 

27.000000000000 	 1.000000000000 	 0.000000000088 
27.000000000000 	 2.000000000000 	 0.000000000120 
27.000000000000 	 3.000000000000 	 0.000000000152 
27.000000000000 	 4.000000000000 	 0.000000000184 
27.000000000000 	 5.000000000000 	 0.000000000215 
27.000000000000 	 6.000000000000 	 0.000000000245 
27.000000000000 	 7.000000000000 	 0.000000000274 
27.000000000000 	 8.000000000000 	 0.000000000302 
27.000000000000 	 9.000000000000 	 0.000000000328 
27.000000000000 	 10.000000000000 	 0.000000000354 
27.000000000000 	 11.000000000000 	 0.000000000378 
27.000000000000 	 12.000000000000 	 0.000000000401 
27.000000000000 	 13.000000000000 	 0.000000000422 
27.000000000000 	 14.000000000000 	 0.000000000441 
27.000000000000 	 15.000000000000 	 0.000000000459 
27.000000000000 	 16.000000000000 	 0.000000000475 
27.000000000000 	 17.000000000000 	 0.000000000489 
27.000000000000 	 18.000000000000 	 0.000000000501 
27.000000000000 	 19.000000000000 	 0.000000000512 
27.000000000000 	 20.000000000000 	 0.000000000520 
27.000000000000 	 21.000000000000 	 0.000000000526 
27.000000000000 	 22.000000000000 	 0.000000000531 
27.000000000000 	 23.000000000000 	 0.000000000533 
27.000000000000 	 24.000000000000 	 0.000000000533 
27.000000000000 	 25.000000000000 	 0.000000000531 
27.000000000000 	 26.000000000000 	 0.000000000527 
27.000000000000 	 27.000000000000 	 0.000000000521 
27.000000000000 	 28.000000000000 	 0.000000000513 
27.000000000000 	 29.000000000000 	 0.000000000503 
27.000000000000 	 30.000000000000 	 0.000000000491 
27.000000000000 	 31.000000000000 	 0.000000000477 
27.000000000000 	 32.000000000000 	 0.000000000461 
27.000000000000 	 33.000000000000 	 0.000000000444 
27.000000000000 	 34.000000000000 	 0.000000000425 
27.000000000000 	 35.000000000000 	 0.000000000404 
27.000000000000 	 36.000000000000 	 0.000000000381 
27.000000000000 	 37.000000000000 	 0.000000000357 
27.000000000000 	 38.000000000000 	 0.000000000332 
27.000000000000 	 39.000000000000 	 0.000000000306 

28.000000000000 	 1.000000000000 	 0.000000000083 
28.000000000000 	 2.000000000000 	 0.000000000114 
28.000000000000 	 3.000000000000 	 0.000000000145 
28.000000000000 	 4.000000000000 	 0.000000000174 
28.000000000000 	 5.000000000000 	 0.000000000204 
28.000000000000 	 6.000000000000 	 0.000000000232 
28.000000000000 	 7.000000000000 	 0.000000000260 
28.000000000000 	 8.000000000000 	 0.000000000286 
28.000000000000 	 9.000000000000 	 0.000000000311 
28.000000000000 	 10.000000000000 	 0.000000000336 
28.000000000000 	 11.000000000000 	 0.000000000359 
28.000000000000 	 12.000000000000 	 0.000000000380 
28.000000000000 	 13.000000000000 	 0.000000000400 
28.000000000000 	 14.000000000000 	 0.000000000419 
28.000000000000 	 15.000000000000 	 0.000000000435 
28.000000000000 	 16.000000000000 	 0.000000000451 
28.000000000000 	 17.000000000000 	 0.000000000464 
28.000000000000 	 18.000000000000 	 0.000000000476 
28.000000000000 	 19.000000000000 	 0.000000000485 
28.000000000000 	 20.000000000000 	 0.000000000493 
28.000000000000 	 21.000000000000 	 0.000000000499 
28.000000000000 	 22.000000000000 	 0.000000000503 
28.000000000000 	 23.000000000000 	 0.000000000506 
28.000000000000 	 24.000000000000 	 0.000000000506 
28.000000000000 	 25.000000000000 	 0.000000000504 
28.000000000000 	 26.000000000000 	 0.000000000500 
28.000000000000 	 27.000000000000 	 0.000000000494 
28.000000000000 	 28.000000000000 	 0.000000000487 
28.000000000000 	 29.000000000000 	 0.000000000477 
28.000000000000 	 30.000000000000 	 0.000000000466 
28.000000000000 	 31.000000000000 	 0.000000000453 
28.000000000000 	 32.000000000000 	 0.000000000438 
28.000000000000 	 33.000000000000 	 0.000000000421 
28.000000000000 	 34.000000000000 	 0.000000000403 
28.000000000000 	 35.000000000000 	 0.000000000383 
28.000000000000 	 36.000000000000 	 0.000000000362 
28.000000000000 	 37.000000000000 	 0.000000000339 
28.000000000000 	 38.000000000000 	 0.000000000315 
28.000000000000 	 39.000000000000 	 0.000000000290 

29.000000000000 	 1.000000000000 	 0.000000000078 
29.000000000000 	 2.000000000000 	 0.000000000107 
29.000000000000 	 3.000000000000 	 0.000000000136 
29.000000000000 	 4.000000000000 	 0.000000000164 
29.000000000000 	 5.000000000000 	 0.000000000191 
29.000000000000 	 6.000000000000 	 0.000000000218 
29.000000000000 	 7.000000000000 	 0.000000000244 
29.000000000000 	 8.000000000000 	 0.000000000269 
29.000000000000 	 9.000000000000 	 0.000000000293 
29.000000000000 	 10.000000000000 	 0.000000000316 
29.000000000000 	 11.000000000000 	 0.000000000337 
29.000000000000 	 12.000000000000 	 0.000000000357 
29.000000000000 	 13.000000000000 	 0.000000000376 
29.000000000000 	 14.000000000000 	 0.000000000393 
29.000000000000 	 15.000000000000 	 0.000000000409 
29.000000000000 	 16.000000000000 	 0.000000000424 
29.000000000000 	 17.000000000000 	 0.000000000436 
29.000000000000 	 18.000000000000 	 0.000000000447 
29.000000000000 	 19.000000000000 	 0.000000000456 
29.000000000000 	 20.000000000000 	 0.000000000464 
29.000000000000 	 21.000000000000 	 0.000000000469 
29.000000000000 	 22.000000000000 	 0.000000000473 
29.000000000000 	 23.000000000000 	 0.000000000475 
29.000000000000 	 24.000000000000 	 0.000000000475 
29.000000000000 	 25.000000000000 	 0.000000000474 
29.000000000000 	 26.000000000000 	 0.000000000470 
29.000000000000 	 27.000000000000 	 0.000000000465 
29.000000000000 	 28.000000000000 	 0.000000000458 
29.000000000000 	 29.000000000000 	 0.000000000449 
29.000000000000 	 30.000000000000 	 0.000000000438 
29.000000000000 	 31.000000000000 	 0.000000000426 
29.000000000000 	 32.000000000000 	 0.000000000412 
29.000000000000 	 33.000000000000 	 0.000000000396 
29.000000000000 	 34.000000000000 	 0.000000000379 
29.000000000000 	 35.000000000000 	 0.000000000360 
29.000000000000 	 36.000000000000 	 0.000000000340 
29.000000000000 	 37.000000000000 	 0.000000000319 
29.000000000000 	 38.000000000000 	 0.000000000296 
29.000000000000 	 39.000000000000 	 0.000000000272 

30.000000000000 	 1.000000000000 	 0.000000000073 
30.000000000000 	 2.000000000000 	 0.000000000100 
30.000000000000 	 3.000000000000 	 0.000000000126 
30.000000000000 	 4.000000000000 	 0.000000000152 
30.000000000000 	 5.000000000000 	 0.000000000178 
30.000000000000 	 6.000000000000 	 0.000000000203 
30.000000000000 	 7.000000000000 	 0.000000000227 
30.000000000000 	 8.000000000000 	 0.000000000250 
30.000000000000 	 9.000000000000 	 0.000000000272 
30.000000000000 	 10.000000000000 	 0.000000000293 
30.000000000000 	 11.000000000000 	 0.000000000313 
30.000000000000 	 12.000000000000 	 0.000000000332 
30.000000000000 	 13.000000000000 	 0.000000000350 
30.000000000000 	 14.000000000000 	 0.000000000366 
30.000000000000 	 15.000000000000 	 0.000000000381 
30.000000000000 	 16.000000000000 	 0.000000000394 
30.000000000000 	 17.000000000000 	 0.000000000406 
30.000000000000 	 18.000000000000 	 0.000000000416 
30.000000000000 	 19.000000000000 	 0.000000000424 
30.000000000000 	 20.000000000000 	 0.000000000431 
30.000000000000 	 21.000000000000 	 0.000000000436 
30.000000000000 	 22.000000000000 	 0.000000000440 
30.000000000000 	 23.000000000000 	 0.000000000442 
30.000000000000 	 24.000000000000 	 0.000000000442 
30.000000000000 	 25.000000000000 	 0.000000000440 
30.000000000000 	 26.000000000000 	 0.000000000437 
30.000000000000 	 27.000000000000 	 0.000000000432 
30.000000000000 	 28.000000000000 	 0.000000000425 
30.000000000000 	 29.000000000000 	 0.000000000417 
30.000000000000 	 30.000000000000 	 0.000000000407 
30.000000000000 	 31.000000000000 	 0.000000000396 
30.000000000000 	 32.000000000000 	 0.000000000383 
30.000000000000 	 33.000000000000 	 0.000000000368 
30.000000000000 	 34.000000000000 	 0.000000000352 
30.000000000000 	 35.000000000000 	 0.000000000335 
30.000000000000 	 36.000000000000 	 0.000000000316 
30.000000000000 	 37.000000000000 	 0.000000000296 
30.000000000000 	 38.000000000000 	 0.000000000275 
30.000000000000 	 39.000000000000 	 0.000000000253 

31.000000000000 	 1.000000000000 	 0.000000000067 
31.000000000000 	 2.000000000000 	 0.000000000092 
31.000000000000 	 3.000000000000 	 0.000000000116 
31.000000000000 	 4.000000000000 	 0.000000000140 
31.000000000000 	 5.000000000000 	 0.000000000164 
31.000000000000 	 6.000000000000 	 0.000000000186 
31.000000000000 	 7.000000000000 	 0.000000000208 
31.000000000000 	 8.000000000000 	 0.000000000230 
31.000000000000 	 9.000000000000 	 0.000000000250 
31.000000000000 	 10.000000000000 	 0.000000000269 
31.000000000000 	 11.000000000000 	 0.000000000288 
31.000000000000 	 12.000000000000 	 0.000000000305 
31.000000000000 	 13.000000000000 	 0.000000000321 
31.000000000000 	 14.000000000000 	 0.000000000336 
31.000000000000 	 15.000000000000 	 0.000000000350 
31.000000000000 	 16.000000000000 	 0.000000000362 
31.000000000000 	 17.000000000000 	 0.000000000373 
31.000000000000 	 18.000000000000 	 0.000000000382 
31.000000000000 	 19.000000000000 	 0.000000000390 
31.000000000000 	 20.000000000000 	 0.000000000396 
31.000000000000 	 21.000000000000 	 0.000000000401 
31.000000000000 	 22.000000000000 	 0.000000000404 
31.000000000000 	 23.000000000000 	 0.000000000406 
31.000000000000 	 24.000000000000 	 0.000000000406 
31.000000000000 	 25.000000000000 	 0.000000000404 
31.000000000000 	 26.000000000000 	 0.000000000401 
31.000000000000 	 27.000000000000 	 0.000000000397 
31.000000000000 	 28.000000000000 	 0.000000000391 
31.000000000000 	 29.000000000000 	 0.000000000383 
31.000000000000 	 30.000000000000 	 0.000000000374 
31.000000000000 	 31.000000000000 	 0.000000000363 
31.000000000000 	 32.000000000000 	 0.000000000351 
31.000000000000 	 33.000000000000 	 0.000000000338 
31.000000000000 	 34.000000000000 	 0.000000000323 
31.000000000000 	 35.000000000000 	 0.000000000308 
31.000000000000 	 36.000000000000 	 0.000000000290 
31.000000000000 	 37.000000000000 	 0.000000000272 
31.000000000000 	 38.000000000000 	 0.000000000253 
31.000000000000 	 39.000000000000 	 0.000000000233 

32.000000000000 	 1.000000000000 	 0.000000000060 
32.000000000000 	 2.000000000000 	 0.000000000083 
32.000000000000 	 3.000000000000 	 0.000000000105 
32.000000000000 	 4.000000000000 	 0.000000000127 
32.000000000000 	 5.000000000000 	 0.000000000148 
32.000000000000 	 6.000000000000 	 0.000000000169 
32.000000000000 	 7.000000000000 	 0.000000000189 
32.000000000000 	 8.000000000000 	 0.000000000208 
32.000000000000 	 9.000000000000 	 0.000000000226 
32.000000000000 	 10.000000000000 	 0.000000000244 
32.000000000000 	 11.000000000000 	 0.000000000261 
32.000000000000 	 12.000000000000 	 0.000000000276 
32.000000000000 	 13.000000000000 	 0.000000000291 
32.000000000000 	 14.000000000000 	 0.000000000304 
32.000000000000 	 15.000000000000 	 0.000000000316 
32.000000000000 	 16.000000000000 	 0.000000000327 
32.000000000000 	 17.000000000000 	 0.000000000337 
32.000000000000 	 18.000000000000 	 0.000000000346 
32.000000000000 	 19.000000000000 	 0.000000000353 
32.000000000000 	 20.000000000000 	 0.000000000358 
32.000000000000 	 21.000000000000 	 0.000000000363 
32.000000000000 	 22.000000000000 	 0.000000000366 
32.000000000000 	 23.000000000000 	 0.000000000367 
32.000000000000 	 24.000000000000 	 0.000000000367 
32.000000000000 	 25.000000000000 	 0.000000000366 
32.000000000000 	 26.000000000000 	 0.000000000363 
32.000000000000 	 27.000000000000 	 0.000000000359 
32.000000000000 	 28.000000000000 	 0.000000000354 
32.000000000000 	 29.000000000000 	 0.000000000347 
32.000000000000 	 30.000000000000 	 0.000000000338 
32.000000000000 	 31.000000000000 	 0.000000000329 
32.000000000000 	 32.000000000000 	 0.000000000318 
32.000000000000 	 33.000000000000 	 0.000000000306 
32.000000000000 	 34.000000000000 	 0.000000000293 
32.000000000000 	 35.000000000000 	 0.000000000278 
32.000000000000 	 36.000000000000 	 0.000000000263 
32.000000000000 	 37.000000000000 	 0.000000000246 
32.000000000000 	 38.000000000000 	 0.000000000229 
32.000000000000 	 39.000000000000 	 0.000000000211 

33.000000000000 	 1.000000000000 	 0.000000000054 
33.000000000000 	 2.000000000000 	 0.000000000074 
33.000000000000 	 3.000000000000 	 0.000000000093 
33.000000000000 	 4.000000000000 	 0.000000000113 
33.000000000000 	 5.000000000000 	 0.000000000132 
33.000000000000 	 6.000000000000 	 0.000000000150 
33.000000000000 	 7.000000000000 	 0.000000000168 
33.000000000000 	 8.000000000000 	 0.000000000185 
33.000000000000 	 9.000000000000 	 0.000000000201 
33.000000000000 	 10.000000000000 	 0.000000000217 
33.000000000000 	 11.000000000000 	 0.000000000232 
33.000000000000 	 12.000000000000 	 0.000000000245 
33.000000000000 	 13.000000000000 	 0.000000000258 
33.000000000000 	 14.000000000000 	 0.000000000270 
33.000000000000 	 15.000000000000 	 0.000000000281 
33.000000000000 	 16.000000000000 	 0.000000000291 
33.000000000000 	 17.000000000000 	 0.000000000300 
33.000000000000 	 18.000000000000 	 0.000000000307 
33.000000000000 	 19.000000000000 	 0.000000000313 
33.000000000000 	 20.000000000000 	 0.000000000319 
33.000000000000 	 21.000000000000 	 0.000000000322 
33.000000000000 	 22.000000000000 	 0.000000000325 
33.000000000000 	 23.000000000000 	 0.000000000326 
33.000000000000 	 24.000000000000 	 0.000000000327 
33.000000000000 	 25.000000000000 	 0.000000000325 
33.000000000000 	 26.000000000000 	 0.000000000323 
33.000000000000 	 27.000000000000 	 0.000000000319 
33.000000000000 	 28.000000000000 	 0.000000000314 
33.000000000000 	 29.000000000000 	 0.000000000308 
33.000000000000 	 30.000000000000 	 0.000000000301 
33.000000000000 	 31.000000000000 	 0.000000000292 
33.000000000000 	 32.000000000000 	 0.000000000283 
33.000000000000 	 33.000000000000 	 0.000000000272 
33.000000000000 	 34.000000000000 	 0.000000000260 
33.000000000000 	 35.000000000000 	 0.000000000247 
33.000000000000 	 36.000000000000 	 0.000000000234 
33.000000000000 	 37.000000000000 	 0.000000000219 
33.000000000000 	 38.000000000000 	 0.000000000204 
33.000000000000 	 39.000000000000 	 0.000000000187 

34.000000000000 	 1.000000000000 	 0.000000000047 
34.000000000000 	 2.000000000000 	 0.000000000064 
34.000000000000 	 3.000000000000 	 0.000000000081 
34.000000000000 	 4.000000000000 	 0.000000000098 
34.000000000000 	 5.000000000000 	 0.000000000114 
34.000000000000 	 6.000000000000 	 0.000000000130 
34.000000000000 	 7.000000000000 	 0.000000000146 
34.000000000000 	 8.000000000000 	 0.000000000161 
34.000000000000 	 9.000000000000 	 0.000000000175 
34.000000000000 	 10.000000000000 	 0.000000000188 
34.000000000000 	 11.000000000000 	 0.000000000201 
34.000000000000 	 12.000000000000 	 0.000000000213 
34.000000000000 	 13.000000000000 	 0.000000000225 
34.000000000000 	 14.000000000000 	 0.000000000235 
34.000000000000 	 15.000000000000 	 0.000000000244 
34.000000000000 	 16.000000000000 	 0.000000000253 
34.000000000000 	 17.000000000000 	 0.000000000260 
34.000000000000 	 18.000000000000 	 0.000000000267 
34.000000000000 	 19.000000000000 	 0.000000000272 
34.000000000000 	 20.000000000000 	 0.000000000277 
34.000000000000 	 21.000000000000 	 0.000000000280 
34.000000000000 	 22.000000000000 	 0.000000000283 
34.000000000000 	 23.000000000000 	 0.000000000284 
34.000000000000 	 24.000000000000 	 0.000000000284 
34.000000000000 	 25.000000000000 	 0.000000000283 
34.000000000000 	 26.000000000000 	 0.000000000281 
34.000000000000 	 27.000000000000 	 0.000000000277 
34.000000000000 	 28.000000000000 	 0.000000000273 
34.000000000000 	 29.000000000000 	 0.000000000268 
34.000000000000 	 30.000000000000 	 0.000000000261 
34.000000000000 	 31.000000000000 	 0.000000000254 
34.000000000000 	 32.000000000000 	 0.000000000246 
34.000000000000 	 33.000000000000 	 0.000000000236 
34.000000000000 	 34.000000000000 	 0.000000000226 
34.000000000000 	 35.000000000000 	 0.000000000215 
34.000000000000 	 36.000000000000 	 0.000000000203 
34.000000000000 	 37.000000000000 	 0.000000000190 
34.000000000000 	 38.000000000000 	 0.000000000177 
34.000000000000 	 39.000000000000 	 0.000000000163 

35.000000000000 	 1.000000000000 	 0.000000000039 
35.000000000000 	 2.000000000000 	 0.000000000054 
35.000000000000 	 3.000000000000 	 0.000000000068 
35.000000000000 	 4.000000000000 	 0.000000000082 
35.000000000000 	 5.000000000000 	 0.000000000096 
35.000000000000 	 6.000000000000 	 0.000000000110 
35.000000000000 	 7.000000000000 	 0.000000000123 
35.000000000000 	 8.000000000000 	 0.000000000135 
35.000000000000 	 9.000000000000 	 0.000000000147 
35.000000000000 	 10.000000000000 	 0.000000000159 
35.000000000000 	 11.000000000000 	 0.000000000170 
35.000000000000 	 12.000000000000 	 0.000000000180 
35.000000000000 	 13.000000000000 	 0.000000000189 
35.000000000000 	 14.000000000000 	 0.000000000198 
35.000000000000 	 15.000000000000 	 0.000000000206 
35.000000000000 	 16.000000000000 	 0.000000000213 
35.000000000000 	 17.000000000000 	 0.000000000220 
35.000000000000 	 18.000000000000 	 0.000000000225 
35.000000000000 	 19.000000000000 	 0.000000000230 
35.000000000000 	 20.000000000000 	 0.000000000233 
35.000000000000 	 21.000000000000 	 0.000000000236 
35.000000000000 	 22.000000000000 	 0.000000000238 
35.000000000000 	 23.000000000000 	 0.000000000239 
35.000000000000 	 24.000000000000 	 0.000000000239 
35.000000000000 	 25.000000000000 	 0.000000000238 
35.000000000000 	 26.000000000000 	 0.000000000237 
35.000000000000 	 27.000000000000 	 0.000000000234 
35.000000000000 	 28.000000000000 	 0.000000000230 
35.000000000000 	 29.000000000000 	 0.000000000226 
35.000000000000 	 30.000000000000 	 0.000000000220 
35.000000000000 	 31.000000000000 	 0.000000000214 
35.000000000000 	 32.000000000000 	 0.000000000207 
35.000000000000 	 33.000000000000 	 0.000000000199 
35.000000000000 	 34.000000000000 	 0.000000000191 
35.000000000000 	 35.000000000000 	 0.000000000181 
35.000000000000 	 36.000000000000 	 0.000000000171 
35.000000000000 	 37.000000000000 	 0.000000000160 
35.000000000000 	 38.000000000000 	 0.000000000149 
35.000000000000 	 39.000000000000 	 0.000000000137 

36.000000000000 	 1.000000000000 	 0.000000000032 
36.000000000000 	 2.000000000000 	 0.000000000044 
36.000000000000 	 3.000000000000 	 0.000000000055 
36.000000000000 	 4.000000000000 	 0.000000000067 
36.000000000000 	 5.000000000000 	 0.000000000078 
36.000000000000 	 6.000000000000 	 0.000000000089 
36.000000000000 	 7.000000000000 	 0.000000000099 
36.000000000000 	 8.000000000000 	 0.000000000109 
36.000000000000 	 9.000000000000 	 0.000000000119 
36.000000000000 	 10.000000000000 	 0.000000000128 
36.000000000000 	 11.000000000000 	 0.000000000137 
36.000000000000 	 12.000000000000 	 0.000000000145 
36.000000000000 	 13.000000000000 	 0.000000000153 
36.000000000000 	 14.000000000000 	 0.000000000160 
36.000000000000 	 15.000000000000 	 0.000000000166 
36.000000000000 	 16.000000000000 	 0.000000000172 
36.000000000000 	 17.000000000000 	 0.000000000177 
36.000000000000 	 18.000000000000 	 0.000000000182 
36.000000000000 	 19.000000000000 	 0.000000000185 
36.000000000000 	 20.000000000000 	 0.000000000188 
36.000000000000 	 21.000000000000 	 0.000000000191 
36.000000000000 	 22.000000000000 	 0.000000000192 
36.000000000000 	 23.000000000000 	 0.000000000193 
36.000000000000 	 24.000000000000 	 0.000000000193 
36.000000000000 	 25.000000000000 	 0.000000000192 
36.000000000000 	 26.000000000000 	 0.000000000191 
36.000000000000 	 27.000000000000 	 0.000000000189 
36.000000000000 	 28.000000000000 	 0.000000000186 
36.000000000000 	 29.000000000000 	 0.000000000182 
36.000000000000 	 30.000000000000 	 0.000000000178 
36.000000000000 	 31.000000000000 	 0.000000000173 
36.000000000000 	 32.000000000000 	 0.000000000167 
36.000000000000 	 33.000000000000 	 0.000000000161 
36.000000000000 	 34.000000000000 	 0.000000000154 
36.000000000000 	 35.000000000000 	 0.000000000146 
36.000000000000 	 36.000000000000 	 0.000000000138 
36.000000000000 	 37.000000000000 	 0.000000000130 
36.000000000000 	 38.000000000000 	 0.000000000120 
36.000000000000 	 39.000000000000 	 0.000000000111 

37.000000000000 	 1.000000000000 	 0.000000000024 
37.000000000000 	 2.000000000000 	 0.000000000033 
37.000000000000 	 3.000000000000 	 0.000000000042 
37.000000000000 	 4.000000000000 	 0.000000000050 
37.000000000000 	 5.000000000000 	 0.000000000059 
37.000000000000 	 6.000000000000 	 0.000000000067 
37.000000000000 	 7.000000000000 	 0.000000000075 
37.000000000000 	 8.000000000000 	 0.000000000083 
37.000000000000 	 9.000000000000 	 0.000000000090 
37.000000000000 	 10.000000000000 	 0.000000000097 
37.000000000000 	 11.000000000000 	 0.000000000103 
37.000000000000 	 12.000000000000 	 0.000000000110 
37.000000000000 	 13.000000000000 	 0.000000000115 
37.000000000000 	 14.000000000000 	 0.000000000121 
37.000000000000 	 15.000000000000 	 0.000000000126 
37.000000000000 	 16.000000000000 	 0.000000000130 
37.000000000000 	 17.000000000000 	 0.000000000134 
37.000000000000 	 18.000000000000 	 0.000000000137 
37.000000000000 	 19.000000000000 	 0.000000000140 
37.000000000000 	 20.000000000000 	 0.000000000142 
37.000000000000 	 21.000000000000 	 0.000000000144 
37.000000000000 	 22.000000000000 	 0.000000000145 
37.000000000000 	 23.000000000000 	 0.000000000146 
37.000000000000 	 24.000000000000 	 0.000000000146 
37.000000000000 	 25.000000000000 	 0.000000000145 
37.000000000000 	 26.000000000000 	 0.000000000144 
37.000000000000 	 27.000000000000 	 0.000000000143 
37.000000000000 	 28.000000000000 	 0.000000000140 
37.000000000000 	 29.000000000000 	 0.000000000138 
37.000000000000 	 30.000000000000 	 0.000000000134 
37.000000000000 	 31.000000000000 	 0.000000000131 
37.000000000000 	 32.000000000000 	 0.000000000126 
37.000000000000 	 33.000000000000 	 0.000000000122 
37.000000000000 	 34.000000000000 	 0.000000000116 
37.000000000000 	 35.000000000000 	 0.000000000111 
37.000000000000 	 36.000000000000 	 0.000000000104 
37.000000000000 	 37.000000000000 	 0.000000000098 
37.000000000000 	 38.000000000000 	 0.000000000091 
37.000000000000 	 39.000000000000 	 0.000000000084 

38.000000000000 	 1.000000000000 	 0.000000000016 
38.000000000000 	 2.000000000000 	 0.000000000022 
38.000000000000 	 3.000000000000 	 0.000000000028 
38.000000000000 	 4.000000000000 	 0.000000000034 
38.000000000000 	 5.000000000000 	 0.000000000039 
38.000000000000 	 6.000000000000 	 0.000000000045 
38.000000000000 	 7.000000000000 	 0.000000000050 
38.000000000000 	 8.000000000000 	 0.000000000055 
38.000000000000 	 9.000000000000 	 0.000000000060 
38.000000000000 	 10.000000000000 	 0.000000000065 
38.000000000000 	 11.000000000000 	 0.000000000069 
38.000000000000 	 12.000000000000 	 0.000000000073 
38.000000000000 	 13.000000000000 	 0.000000000077 
38.000000000000 	 14.000000000000 	 0.000000000081 
38.000000000000 	 15.000000000000 	 0.000000000084 
38.000000000000 	 16.000000000000 	 0.000000000087 
38.000000000000 	 17.000000000000 	 0.000000000090 
38.000000000000 	 18.000000000000 	 0.000000000092 
38.000000000000 	 19.000000000000 	 0.000000000094 
38.000000000000 	 20.000000000000 	 0.000000000095 
38.000000000000 	 21.000000000000 	 0.000000000097 
38.000000000000 	 22.000000000000 	 0.000000000097 
38.000000000000 	 23.000000000000 	 0.000000000098 
38.000000000000 	 24.000000000000 	 0.000000000098 
38.000000000000 	 25.000000000000 	 0.000000000097 
38.000000000000 	 26.000000000000 	 0.000000000097 
38.000000000000 	 27.000000000000 	 0.000000000096 
38.000000000000 	 28.000000000000 	 0.000000000094 
38.000000000000 	 29.000000000000 	 0.000000000092 
38.000000000000 	 30.000000000000 	 0.000000000090 
38.000000000000 	 31.000000000000 	 0.000000000088 
38.000000000000 	 32.000000000000 	 0.000000000085 
38.000000000000 	 33.000000000000 	 0.000000000081 
38.000000000000 	 34.000000000000 	 0.000000000078 
38.000000000000 	 35.000000000000 	 0.000000000074 
38.000000000000 	 36.000000000000 	 0.000000000070 
38.000000000000 	 37.000000000000 	 0.000000000066 
38.000000000000 	 38.000000000000 	 0.000000000061 
38.000000000000 	 39.000000000000 	 0.000000000056 

39.000000000000 	 1.000000000000 	 0.000000000008 
39.000000000000 	 2.000000000000 	 0.000000000011 
39.000000000000 	 3.000000000000 	 0.000000000014 
39.000000000000 	 4.000000000000 	 0.000000000017 
39.000000000000 	 5.000000000000 	 0.000000000020 
39.000000000000 	 6.000000000000 	 0.000000000022 
39.000000000000 	 7.000000000000 	 0.000000000025 
39.000000000000 	 8.000000000000 	 0.000000000028 
39.000000000000 	 9.000000000000 	 0.000000000030 
39.000000000000 	 10.000000000000 	 0.000000000033 
39.000000000000 	 11.000000000000 	 0.000000000035 
39.000000000000 	 12.000000000000 	 0.000000000037 
39.000000000000 	 13.000000000000 	 0.000000000039 
39.000000000000 	 14.000000000000 	 0.000000000041 
39.000000000000 	 15.000000000000 	 0.000000000042 
39.000000000000 	 16.000000000000 	 0.000000000044 
39.000000000000 	 17.000000000000 	 0.000000000045 
39.000000000000 	 18.000000000000 	 0.000000000046 
39.000000000000 	 19.000000000000 	 0.000000000047 
39.000000000000 	 20.000000000000 	 0.000000000048 
39.000000000000 	 21.000000000000 	 0.000000000048 
39.000000000000 	 22.000000000000 	 0.000000000049 
39.000000000000 	 23.000000000000 	 0.000000000049 
39.000000000000 	 24.000000000000 	 0.000000000049 
39.000000000000 	 25.000000000000 	 0.000000000049 
39.000000000000 	 26.000000000000 	 0.000000000049 
39.000000000000 	 27.000000000000 	 0.000000000048 
39.000000000000 	 28.000000000000 	 0.000000000047 
39.000000000000 	 29.000000000000 	 0.000000000046 
39.000000000000 	 30.000000000000 	 0.000000000045 
39.000000000000 	 31.000000000000 	 0.000000000044 
39.000000000000 	 32.000000000000 	 0.000000000042 
39.000000000000 	 33.000000000000 	 0.000000000041 
39.000000000000 	 34.000000000000 	 0.000000000039 
39.000000000000 	 35.000000000000 	 0.000000000037 
39.000000000000 	 36.000000000000 	 0.000000000035 
39.000000000000 	 37.000000000000 	 0.000000000033 
39.000000000000 	 38.000000000000 	 0.000000000031 
39.000000000000 	 39.000000000000 	 0.000000000028 

