1.000000000000 	 1.000000000000 	 0.000028065164 
1.000000000000 	 2.000000000000 	 0.000038480718 
1.000000000000 	 3.000000000000 	 0.000048746980 
1.000000000000 	 4.000000000000 	 0.000058824126 
1.000000000000 	 5.000000000000 	 0.000068673065 
1.000000000000 	 6.000000000000 	 0.000078255595 
1.000000000000 	 7.000000000000 	 0.000087534553 
1.000000000000 	 8.000000000000 	 0.000096473956 
1.000000000000 	 9.000000000000 	 0.000105039140 
1.000000000000 	 10.000000000000 	 0.000113196900 
1.000000000000 	 11.000000000000 	 0.000120915616 
1.000000000000 	 12.000000000000 	 0.000128165372 
1.000000000000 	 13.000000000000 	 0.000134918079 
1.000000000000 	 14.000000000000 	 0.000141147578 
1.000000000000 	 15.000000000000 	 0.000146829743 
1.000000000000 	 16.000000000000 	 0.000151942577 
1.000000000000 	 17.000000000000 	 0.000156466292 
1.000000000000 	 18.000000000000 	 0.000160383388 
1.000000000000 	 19.000000000000 	 0.000163678719 
1.000000000000 	 20.000000000000 	 0.000166339555 
1.000000000000 	 21.000000000000 	 0.000168355625 
1.000000000000 	 22.000000000000 	 0.000169719158 
1.000000000000 	 23.000000000000 	 0.000170424917 
1.000000000000 	 24.000000000000 	 0.000170470209 
1.000000000000 	 25.000000000000 	 0.000169854906 
1.000000000000 	 26.000000000000 	 0.000168581436 
1.000000000000 	 27.000000000000 	 0.000166654775 
1.000000000000 	 28.000000000000 	 0.000164082431 
1.000000000000 	 29.000000000000 	 0.000160874408 
1.000000000000 	 30.000000000000 	 0.000157043172 
1.000000000000 	 31.000000000000 	 0.000152603599 
1.000000000000 	 32.000000000000 	 0.000147572918 
1.000000000000 	 33.000000000000 	 0.000141970643 
1.000000000000 	 34.000000000000 	 0.000135818498 
1.000000000000 	 35.000000000000 	 0.000129140333 
1.000000000000 	 36.000000000000 	 0.000121962031 
1.000000000000 	 37.000000000000 	 0.000114311405 
1.000000000000 	 38.000000000000 	 0.000106218095 
1.000000000000 	 39.000000000000 	 0.000097713450 

2.000000000000 	 1.000000000000 	 0.000055957269 
2.000000000000 	 2.000000000000 	 0.000076724150 
2.000000000000 	 3.000000000000 	 0.000097193370 
2.000000000000 	 4.000000000000 	 0.000117285522 
2.000000000000 	 5.000000000000 	 0.000136922668 
2.000000000000 	 6.000000000000 	 0.000156028640 
2.000000000000 	 7.000000000000 	 0.000174529339 
2.000000000000 	 8.000000000000 	 0.000192353020 
2.000000000000 	 9.000000000000 	 0.000209430572 
2.000000000000 	 10.000000000000 	 0.000225695790 
2.000000000000 	 11.000000000000 	 0.000241085624 
2.000000000000 	 12.000000000000 	 0.000255540433 
2.000000000000 	 13.000000000000 	 0.000269004207 
2.000000000000 	 14.000000000000 	 0.000281424791 
2.000000000000 	 15.000000000000 	 0.000292754085 
2.000000000000 	 16.000000000000 	 0.000302948225 
2.000000000000 	 17.000000000000 	 0.000311967759 
2.000000000000 	 18.000000000000 	 0.000319777796 
2.000000000000 	 19.000000000000 	 0.000326348140 
2.000000000000 	 20.000000000000 	 0.000331653404 
2.000000000000 	 21.000000000000 	 0.000335673111 
2.000000000000 	 22.000000000000 	 0.000338391770 
2.000000000000 	 23.000000000000 	 0.000339798935 
2.000000000000 	 24.000000000000 	 0.000339889241 
2.000000000000 	 25.000000000000 	 0.000338662429 
2.000000000000 	 26.000000000000 	 0.000336123341 
2.000000000000 	 27.000000000000 	 0.000332281900 
2.000000000000 	 28.000000000000 	 0.000327153073 
2.000000000000 	 29.000000000000 	 0.000320756810 
2.000000000000 	 30.000000000000 	 0.000313117962 
2.000000000000 	 31.000000000000 	 0.000304266192 
2.000000000000 	 32.000000000000 	 0.000294235850 
2.000000000000 	 33.000000000000 	 0.000283065846 
2.000000000000 	 34.000000000000 	 0.000270799493 
2.000000000000 	 35.000000000000 	 0.000257484343 
2.000000000000 	 36.000000000000 	 0.000243172002 
2.000000000000 	 37.000000000000 	 0.000227917926 
2.000000000000 	 38.000000000000 	 0.000211781213 
2.000000000000 	 39.000000000000 	 0.000194824366 

3.000000000000 	 1.000000000000 	 0.000083504323 
3.000000000000 	 2.000000000000 	 0.000114494476 
3.000000000000 	 3.000000000000 	 0.000145040432 
3.000000000000 	 4.000000000000 	 0.000175023696 
3.000000000000 	 5.000000000000 	 0.000204327960 
3.000000000000 	 6.000000000000 	 0.000232839560 
3.000000000000 	 7.000000000000 	 0.000260447918 
3.000000000000 	 8.000000000000 	 0.000287045971 
3.000000000000 	 9.000000000000 	 0.000312530587 
3.000000000000 	 10.000000000000 	 0.000336802964 
3.000000000000 	 11.000000000000 	 0.000359769019 
3.000000000000 	 12.000000000000 	 0.000381339746 
3.000000000000 	 13.000000000000 	 0.000401431565 
3.000000000000 	 14.000000000000 	 0.000419966646 
3.000000000000 	 15.000000000000 	 0.000436873207 
3.000000000000 	 16.000000000000 	 0.000452085793 
3.000000000000 	 17.000000000000 	 0.000465545530 
3.000000000000 	 18.000000000000 	 0.000477200349 
3.000000000000 	 19.000000000000 	 0.000487005189 
3.000000000000 	 20.000000000000 	 0.000494922167 
3.000000000000 	 21.000000000000 	 0.000500920726 
3.000000000000 	 22.000000000000 	 0.000504977746 
3.000000000000 	 23.000000000000 	 0.000507077640 
3.000000000000 	 24.000000000000 	 0.000507212403 
3.000000000000 	 25.000000000000 	 0.000505381647 
3.000000000000 	 26.000000000000 	 0.000501592598 
3.000000000000 	 27.000000000000 	 0.000495860065 
3.000000000000 	 28.000000000000 	 0.000488206381 
3.000000000000 	 29.000000000000 	 0.000478661318 
3.000000000000 	 30.000000000000 	 0.000467261963 
3.000000000000 	 31.000000000000 	 0.000454052579 
3.000000000000 	 32.000000000000 	 0.000439084427 
3.000000000000 	 33.000000000000 	 0.000422415571 
3.000000000000 	 34.000000000000 	 0.000404110648 
3.000000000000 	 35.000000000000 	 0.000384240619 
3.000000000000 	 36.000000000000 	 0.000362882494 
3.000000000000 	 37.000000000000 	 0.000340119030 
3.000000000000 	 38.000000000000 	 0.000316038417 
3.000000000000 	 39.000000000000 	 0.000290733931 

4.000000000000 	 1.000000000000 	 0.000110536463 
4.000000000000 	 2.000000000000 	 0.000151558792 
4.000000000000 	 3.000000000000 	 0.000191993130 
4.000000000000 	 4.000000000000 	 0.000231682619 
4.000000000000 	 5.000000000000 	 0.000270473302 
4.000000000000 	 6.000000000000 	 0.000308214718 
4.000000000000 	 7.000000000000 	 0.000344760494 
4.000000000000 	 8.000000000000 	 0.000379968907 
4.000000000000 	 9.000000000000 	 0.000413703438 
4.000000000000 	 10.000000000000 	 0.000445833305 
4.000000000000 	 11.000000000000 	 0.000476233964 
4.000000000000 	 12.000000000000 	 0.000504787598 
4.000000000000 	 13.000000000000 	 0.000531383570 
4.000000000000 	 14.000000000000 	 0.000555918854 
4.000000000000 	 15.000000000000 	 0.000578298430 
4.000000000000 	 16.000000000000 	 0.000598435657 
4.000000000000 	 17.000000000000 	 0.000616252599 
4.000000000000 	 18.000000000000 	 0.000631680333 
4.000000000000 	 19.000000000000 	 0.000644659210 
4.000000000000 	 20.000000000000 	 0.000655139084 
4.000000000000 	 21.000000000000 	 0.000663079504 
4.000000000000 	 22.000000000000 	 0.000668449870 
4.000000000000 	 23.000000000000 	 0.000671229544 
4.000000000000 	 24.000000000000 	 0.000671407933 
4.000000000000 	 25.000000000000 	 0.000668984522 
4.000000000000 	 26.000000000000 	 0.000663968876 
4.000000000000 	 27.000000000000 	 0.000656380599 
4.000000000000 	 28.000000000000 	 0.000646249254 
4.000000000000 	 29.000000000000 	 0.000633614249 
4.000000000000 	 30.000000000000 	 0.000618524679 
4.000000000000 	 31.000000000000 	 0.000601039133 
4.000000000000 	 32.000000000000 	 0.000581225470 
4.000000000000 	 33.000000000000 	 0.000559160548 
4.000000000000 	 34.000000000000 	 0.000534929929 
4.000000000000 	 35.000000000000 	 0.000508627546 
4.000000000000 	 36.000000000000 	 0.000480355337 
4.000000000000 	 37.000000000000 	 0.000450222853 
4.000000000000 	 38.000000000000 	 0.000418346829 
4.000000000000 	 39.000000000000 	 0.000384850737 

5.000000000000 	 1.000000000000 	 0.000136887002 
5.000000000000 	 2.000000000000 	 0.000187688552 
5.000000000000 	 3.000000000000 	 0.000237761941 
5.000000000000 	 4.000000000000 	 0.000286912919 
5.000000000000 	 5.000000000000 	 0.000334950825 
5.000000000000 	 6.000000000000 	 0.000381689333 
5.000000000000 	 7.000000000000 	 0.000426947174 
5.000000000000 	 8.000000000000 	 0.000470548841 
5.000000000000 	 9.000000000000 	 0.000512325272 
5.000000000000 	 10.000000000000 	 0.000552114506 
5.000000000000 	 11.000000000000 	 0.000589762310 
5.000000000000 	 12.000000000000 	 0.000625122780 
5.000000000000 	 13.000000000000 	 0.000658058906 
5.000000000000 	 14.000000000000 	 0.000688443101 
5.000000000000 	 15.000000000000 	 0.000716157695 
5.000000000000 	 16.000000000000 	 0.000741095390 
5.000000000000 	 17.000000000000 	 0.000763159673 
5.000000000000 	 18.000000000000 	 0.000782265190 
5.000000000000 	 19.000000000000 	 0.000798338072 
5.000000000000 	 20.000000000000 	 0.000811316220 
5.000000000000 	 21.000000000000 	 0.000821149539 
5.000000000000 	 22.000000000000 	 0.000827800134 
5.000000000000 	 23.000000000000 	 0.000831242448 
5.000000000000 	 24.000000000000 	 0.000831463363 
5.000000000000 	 25.000000000000 	 0.000828462240 
5.000000000000 	 26.000000000000 	 0.000822250926 
5.000000000000 	 27.000000000000 	 0.000812853696 
5.000000000000 	 28.000000000000 	 0.000800307163 
5.000000000000 	 29.000000000000 	 0.000784660128 
5.000000000000 	 30.000000000000 	 0.000765973389 
5.000000000000 	 31.000000000000 	 0.000744319503 
5.000000000000 	 32.000000000000 	 0.000719782505 
5.000000000000 	 33.000000000000 	 0.000692457576 
5.000000000000 	 34.000000000000 	 0.000662450674 
5.000000000000 	 35.000000000000 	 0.000629878125 
5.000000000000 	 36.000000000000 	 0.000594866168 
5.000000000000 	 37.000000000000 	 0.000557550468 
5.000000000000 	 38.000000000000 	 0.000518075590 
5.000000000000 	 39.000000000000 	 0.000476594441 

6.000000000000 	 1.000000000000 	 0.000162393459 
6.000000000000 	 2.000000000000 	 0.000222660975 
6.000000000000 	 3.000000000000 	 0.000282064649 
6.000000000000 	 4.000000000000 	 0.000340374036 
6.000000000000 	 5.000000000000 	 0.000397362952 
6.000000000000 	 6.000000000000 	 0.000452810349 
6.000000000000 	 7.000000000000 	 0.000506501184 
6.000000000000 	 8.000000000000 	 0.000558227246 
6.000000000000 	 9.000000000000 	 0.000607787971 
6.000000000000 	 10.000000000000 	 0.000654991221 
6.000000000000 	 11.000000000000 	 0.000699654023 
6.000000000000 	 12.000000000000 	 0.000741603288 
6.000000000000 	 13.000000000000 	 0.000780676475 
6.000000000000 	 14.000000000000 	 0.000816722225 
6.000000000000 	 15.000000000000 	 0.000849600940 
6.000000000000 	 16.000000000000 	 0.000879185330 
6.000000000000 	 17.000000000000 	 0.000905360900 
6.000000000000 	 18.000000000000 	 0.000928026391 
6.000000000000 	 19.000000000000 	 0.000947094168 
6.000000000000 	 20.000000000000 	 0.000962490563 
6.000000000000 	 21.000000000000 	 0.000974156146 
6.000000000000 	 22.000000000000 	 0.000982045960 
6.000000000000 	 23.000000000000 	 0.000986129689 
6.000000000000 	 24.000000000000 	 0.000986391767 
6.000000000000 	 25.000000000000 	 0.000982831439 
6.000000000000 	 26.000000000000 	 0.000975462757 
6.000000000000 	 27.000000000000 	 0.000964314520 
6.000000000000 	 28.000000000000 	 0.000949430164 
6.000000000000 	 29.000000000000 	 0.000930867582 
6.000000000000 	 30.000000000000 	 0.000908698901 
6.000000000000 	 31.000000000000 	 0.000883010200 
6.000000000000 	 32.000000000000 	 0.000853901169 
6.000000000000 	 33.000000000000 	 0.000821484725 
6.000000000000 	 34.000000000000 	 0.000785886571 
6.000000000000 	 35.000000000000 	 0.000747244707 
6.000000000000 	 36.000000000000 	 0.000705708894 
6.000000000000 	 37.000000000000 	 0.000661440078 
6.000000000000 	 38.000000000000 	 0.000614609759 
6.000000000000 	 39.000000000000 	 0.000565399335 

7.000000000000 	 1.000000000000 	 0.000186898561 
7.000000000000 	 2.000000000000 	 0.000256260417 
7.000000000000 	 3.000000000000 	 0.000324628080 
7.000000000000 	 4.000000000000 	 0.000391736328 
7.000000000000 	 5.000000000000 	 0.000457324845 
7.000000000000 	 6.000000000000 	 0.000521139231 
7.000000000000 	 7.000000000000 	 0.000582931988 
7.000000000000 	 8.000000000000 	 0.000642463490 
7.000000000000 	 9.000000000000 	 0.000699502908 
7.000000000000 	 10.000000000000 	 0.000753829106 
7.000000000000 	 11.000000000000 	 0.000805231506 
7.000000000000 	 12.000000000000 	 0.000853510896 
7.000000000000 	 13.000000000000 	 0.000898480210 
7.000000000000 	 14.000000000000 	 0.000939965247 
7.000000000000 	 15.000000000000 	 0.000977805346 
7.000000000000 	 16.000000000000 	 0.001011854008 
7.000000000000 	 17.000000000000 	 0.001041979460 
7.000000000000 	 18.000000000000 	 0.001068065162 
7.000000000000 	 19.000000000000 	 0.001090010260 
7.000000000000 	 20.000000000000 	 0.001107729963 
7.000000000000 	 21.000000000000 	 0.001121155877 
7.000000000000 	 22.000000000000 	 0.001130236262 
7.000000000000 	 23.000000000000 	 0.001134936223 
7.000000000000 	 24.000000000000 	 0.001135237849 
7.000000000000 	 25.000000000000 	 0.001131140269 
7.000000000000 	 26.000000000000 	 0.001122659655 
7.000000000000 	 27.000000000000 	 0.001109829155 
7.000000000000 	 28.000000000000 	 0.001092698756 
7.000000000000 	 29.000000000000 	 0.001071335088 
7.000000000000 	 30.000000000000 	 0.001045821164 
7.000000000000 	 31.000000000000 	 0.001016256049 
7.000000000000 	 32.000000000000 	 0.000982754477 
7.000000000000 	 33.000000000000 	 0.000945446407 
7.000000000000 	 34.000000000000 	 0.000904476507 
7.000000000000 	 35.000000000000 	 0.000860003602 
7.000000000000 	 36.000000000000 	 0.000812200054 
7.000000000000 	 37.000000000000 	 0.000761251093 
7.000000000000 	 38.000000000000 	 0.000707354100 
7.000000000000 	 39.000000000000 	 0.000650717845 

8.000000000000 	 1.000000000000 	 0.000210251209 
8.000000000000 	 2.000000000000 	 0.000288279708 
8.000000000000 	 3.000000000000 	 0.000365189790 
8.000000000000 	 4.000000000000 	 0.000440683097 
8.000000000000 	 5.000000000000 	 0.000514466784 
8.000000000000 	 6.000000000000 	 0.000586254666 
8.000000000000 	 7.000000000000 	 0.000655768320 
8.000000000000 	 8.000000000000 	 0.000722738179 
8.000000000000 	 9.000000000000 	 0.000786904572 
8.000000000000 	 10.000000000000 	 0.000848018734 
8.000000000000 	 11.000000000000 	 0.000905843774 
8.000000000000 	 12.000000000000 	 0.000960155589 
8.000000000000 	 13.000000000000 	 0.001010743741 
8.000000000000 	 14.000000000000 	 0.001057412260 
8.000000000000 	 15.000000000000 	 0.001099980413 
8.000000000000 	 16.000000000000 	 0.001138283396 
8.000000000000 	 17.000000000000 	 0.001172172970 
8.000000000000 	 18.000000000000 	 0.001201518036 
8.000000000000 	 19.000000000000 	 0.001226205134 
8.000000000000 	 20.000000000000 	 0.001246138884 
8.000000000000 	 21.000000000000 	 0.001261242343 
8.000000000000 	 22.000000000000 	 0.001271457305 
8.000000000000 	 23.000000000000 	 0.001276744518 
8.000000000000 	 24.000000000000 	 0.001277083832 
8.000000000000 	 25.000000000000 	 0.001272474266 
8.000000000000 	 26.000000000000 	 0.001262934015 
8.000000000000 	 27.000000000000 	 0.001248500366 
8.000000000000 	 28.000000000000 	 0.001229229554 
8.000000000000 	 29.000000000000 	 0.001205196533 
8.000000000000 	 30.000000000000 	 0.001176494688 
8.000000000000 	 31.000000000000 	 0.001143235464 
8.000000000000 	 32.000000000000 	 0.001105547930 
8.000000000000 	 33.000000000000 	 0.001063578281 
8.000000000000 	 34.000000000000 	 0.001017489264 
8.000000000000 	 35.000000000000 	 0.000967459548 
8.000000000000 	 36.000000000000 	 0.000913683030 
8.000000000000 	 37.000000000000 	 0.000856368085 
8.000000000000 	 38.000000000000 	 0.000795736757 
8.000000000000 	 39.000000000000 	 0.000732023901 

9.000000000000 	 1.000000000000 	 0.000232307416 
9.000000000000 	 2.000000000000 	 0.000318521422 
9.000000000000 	 3.000000000000 	 0.000403499685 
9.000000000000 	 4.000000000000 	 0.000486912547 
9.000000000000 	 5.000000000000 	 0.000568436444 
9.000000000000 	 6.000000000000 	 0.000647755166 
9.000000000000 	 7.000000000000 	 0.000724561085 
9.000000000000 	 8.000000000000 	 0.000798556355 
9.000000000000 	 9.000000000000 	 0.000869454064 
9.000000000000 	 10.000000000000 	 0.000936979350 
9.000000000000 	 11.000000000000 	 0.001000870471 
9.000000000000 	 12.000000000000 	 0.001060879818 
9.000000000000 	 13.000000000000 	 0.001116774872 
9.000000000000 	 14.000000000000 	 0.001168339109 
9.000000000000 	 15.000000000000 	 0.001215372834 
9.000000000000 	 16.000000000000 	 0.001257693956 
9.000000000000 	 17.000000000000 	 0.001295138684 
9.000000000000 	 18.000000000000 	 0.001327562167 
9.000000000000 	 19.000000000000 	 0.001354839043 
9.000000000000 	 20.000000000000 	 0.001376863923 
9.000000000000 	 21.000000000000 	 0.001393551796 
9.000000000000 	 22.000000000000 	 0.001404838350 
9.000000000000 	 23.000000000000 	 0.001410680214 
9.000000000000 	 24.000000000000 	 0.001411055122 
9.000000000000 	 25.000000000000 	 0.001405961995 
9.000000000000 	 26.000000000000 	 0.001395420932 
9.000000000000 	 27.000000000000 	 0.001379473135 
9.000000000000 	 28.000000000000 	 0.001358180736 
9.000000000000 	 29.000000000000 	 0.001331626554 
9.000000000000 	 30.000000000000 	 0.001299913768 
9.000000000000 	 31.000000000000 	 0.001263165516 
9.000000000000 	 32.000000000000 	 0.001221524406 
9.000000000000 	 33.000000000000 	 0.001175151970 
9.000000000000 	 34.000000000000 	 0.001124228028 
9.000000000000 	 35.000000000000 	 0.001068949991 
9.000000000000 	 36.000000000000 	 0.001009532098 
9.000000000000 	 37.000000000000 	 0.000946204582 
9.000000000000 	 38.000000000000 	 0.000879212781 
9.000000000000 	 39.000000000000 	 0.000808816187 

10.000000000000 	 1.000000000000 	 0.000252931192 
10.000000000000 	 2.000000000000 	 0.000346799101 
10.000000000000 	 3.000000000000 	 0.000439321560 
10.000000000000 	 4.000000000000 	 0.000530139644 
10.000000000000 	 5.000000000000 	 0.000618901065 
10.000000000000 	 6.000000000000 	 0.000705261541 
10.000000000000 	 7.000000000000 	 0.000788886133 
10.000000000000 	 8.000000000000 	 0.000869450551 
10.000000000000 	 9.000000000000 	 0.000946642413 
10.000000000000 	 10.000000000000 	 0.001020162455 
10.000000000000 	 11.000000000000 	 0.001089725700 
10.000000000000 	 12.000000000000 	 0.001155062553 
10.000000000000 	 13.000000000000 	 0.001215919855 
10.000000000000 	 14.000000000000 	 0.001272061859 
10.000000000000 	 15.000000000000 	 0.001323271143 
10.000000000000 	 16.000000000000 	 0.001369349446 
10.000000000000 	 17.000000000000 	 0.001410118441 
10.000000000000 	 18.000000000000 	 0.001445420414 
10.000000000000 	 19.000000000000 	 0.001475118875 
10.000000000000 	 20.000000000000 	 0.001499099079 
10.000000000000 	 21.000000000000 	 0.001517268468 
10.000000000000 	 22.000000000000 	 0.001529557018 
10.000000000000 	 23.000000000000 	 0.001535917511 
10.000000000000 	 24.000000000000 	 0.001536325703 
10.000000000000 	 25.000000000000 	 0.001530780417 
10.000000000000 	 26.000000000000 	 0.001519303541 
10.000000000000 	 27.000000000000 	 0.001501939931 
10.000000000000 	 28.000000000000 	 0.001478757237 
10.000000000000 	 29.000000000000 	 0.001449845629 
10.000000000000 	 30.000000000000 	 0.001415317447 
10.000000000000 	 31.000000000000 	 0.001375306760 
10.000000000000 	 32.000000000000 	 0.001329968839 
10.000000000000 	 33.000000000000 	 0.001279479553 
10.000000000000 	 34.000000000000 	 0.001224034687 
10.000000000000 	 35.000000000000 	 0.001163849179 
10.000000000000 	 36.000000000000 	 0.001099156288 
10.000000000000 	 37.000000000000 	 0.001030206685 
10.000000000000 	 38.000000000000 	 0.000957267489 
10.000000000000 	 39.000000000000 	 0.000880621229 

11.000000000000 	 1.000000000000 	 0.000271995382 
11.000000000000 	 2.000000000000 	 0.000372938400 
11.000000000000 	 3.000000000000 	 0.000472434557 
11.000000000000 	 4.000000000000 	 0.000570097875 
11.000000000000 	 5.000000000000 	 0.000665549514 
11.000000000000 	 6.000000000000 	 0.000758419240 
11.000000000000 	 7.000000000000 	 0.000848346870 
11.000000000000 	 8.000000000000 	 0.000934983673 
11.000000000000 	 9.000000000000 	 0.001017993719 
11.000000000000 	 10.000000000000 	 0.001097055190 
11.000000000000 	 11.000000000000 	 0.001171861627 
11.000000000000 	 12.000000000000 	 0.001242123116 
11.000000000000 	 13.000000000000 	 0.001307567418 
11.000000000000 	 14.000000000000 	 0.001367941015 
11.000000000000 	 15.000000000000 	 0.001423010097 
11.000000000000 	 16.000000000000 	 0.001472561462 
11.000000000000 	 17.000000000000 	 0.001516403339 
11.000000000000 	 18.000000000000 	 0.001554366129 
11.000000000000 	 19.000000000000 	 0.001586303053 
11.000000000000 	 20.000000000000 	 0.001612090718 
11.000000000000 	 21.000000000000 	 0.001631629588 
11.000000000000 	 22.000000000000 	 0.001644844364 
11.000000000000 	 23.000000000000 	 0.001651684266 
11.000000000000 	 24.000000000000 	 0.001652123225 
11.000000000000 	 25.000000000000 	 0.001646159975 
11.000000000000 	 26.000000000000 	 0.001633818051 
11.000000000000 	 27.000000000000 	 0.001615145694 
11.000000000000 	 28.000000000000 	 0.001590215649 
11.000000000000 	 29.000000000000 	 0.001559124886 
11.000000000000 	 30.000000000000 	 0.001521994211 
11.000000000000 	 31.000000000000 	 0.001478967797 
11.000000000000 	 32.000000000000 	 0.001430212619 
11.000000000000 	 33.000000000000 	 0.001375917802 
11.000000000000 	 34.000000000000 	 0.001316293889 
11.000000000000 	 35.000000000000 	 0.001251572017 
11.000000000000 	 36.000000000000 	 0.001182003026 
11.000000000000 	 37.000000000000 	 0.001107856483 
11.000000000000 	 38.000000000000 	 0.001029419639 
11.000000000000 	 39.000000000000 	 0.000946996319 

12.000000000000 	 1.000000000000 	 0.000289382452 
12.000000000000 	 2.000000000000 	 0.000396778164 
12.000000000000 	 3.000000000000 	 0.000502634527 
12.000000000000 	 4.000000000000 	 0.000606540888 
12.000000000000 	 5.000000000000 	 0.000708094190 
12.000000000000 	 6.000000000000 	 0.000806900533 
12.000000000000 	 7.000000000000 	 0.000902576710 
12.000000000000 	 8.000000000000 	 0.000994751695 
12.000000000000 	 9.000000000000 	 0.001083068086 
12.000000000000 	 10.000000000000 	 0.001167183493 
12.000000000000 	 11.000000000000 	 0.001246771867 
12.000000000000 	 12.000000000000 	 0.001321524761 
12.000000000000 	 13.000000000000 	 0.001391152533 
12.000000000000 	 14.000000000000 	 0.001455385460 
12.000000000000 	 15.000000000000 	 0.001513974786 
12.000000000000 	 16.000000000000 	 0.001566693679 
12.000000000000 	 17.000000000000 	 0.001613338110 
12.000000000000 	 18.000000000000 	 0.001653727638 
12.000000000000 	 19.000000000000 	 0.001687706102 
12.000000000000 	 20.000000000000 	 0.001715142221 
12.000000000000 	 21.000000000000 	 0.001735930097 
12.000000000000 	 22.000000000000 	 0.001749989616 
12.000000000000 	 23.000000000000 	 0.001757266753 
12.000000000000 	 24.000000000000 	 0.001757733772 
12.000000000000 	 25.000000000000 	 0.001751389326 
12.000000000000 	 26.000000000000 	 0.001738258456 
12.000000000000 	 27.000000000000 	 0.001718392484 
12.000000000000 	 28.000000000000 	 0.001691868808 
12.000000000000 	 29.000000000000 	 0.001658790594 
12.000000000000 	 30.000000000000 	 0.001619286373 
12.000000000000 	 31.000000000000 	 0.001573509533 
12.000000000000 	 32.000000000000 	 0.001521637722 
12.000000000000 	 33.000000000000 	 0.001463872157 
12.000000000000 	 34.000000000000 	 0.001400436836 
12.000000000000 	 35.000000000000 	 0.001331577675 
12.000000000000 	 36.000000000000 	 0.001257561547 
12.000000000000 	 37.000000000000 	 0.001178675250 
12.000000000000 	 38.000000000000 	 0.001095224399 
12.000000000000 	 39.000000000000 	 0.001007532239 

13.000000000000 	 1.000000000000 	 0.000304985210 
13.000000000000 	 2.000000000000 	 0.000418171423 
13.000000000000 	 3.000000000000 	 0.000529735289 
13.000000000000 	 4.000000000000 	 0.000639244014 
13.000000000000 	 5.000000000000 	 0.000746272809 
13.000000000000 	 6.000000000000 	 0.000850406536 
13.000000000000 	 7.000000000000 	 0.000951241326 
13.000000000000 	 8.000000000000 	 0.001048386150 
13.000000000000 	 9.000000000000 	 0.001141464334 
13.000000000000 	 10.000000000000 	 0.001230115028 
13.000000000000 	 11.000000000000 	 0.001313994602 
13.000000000000 	 12.000000000000 	 0.001392777980 
13.000000000000 	 13.000000000000 	 0.001466159903 
13.000000000000 	 14.000000000000 	 0.001533856104 
13.000000000000 	 15.000000000000 	 0.001595604415 
13.000000000000 	 16.000000000000 	 0.001651165776 
13.000000000000 	 17.000000000000 	 0.001700325155 
13.000000000000 	 18.000000000000 	 0.001742892383 
13.000000000000 	 19.000000000000 	 0.001778702878 
13.000000000000 	 20.000000000000 	 0.001807618282 
13.000000000000 	 21.000000000000 	 0.001829526987 
13.000000000000 	 22.000000000000 	 0.001844344559 
13.000000000000 	 23.000000000000 	 0.001852014060 
13.000000000000 	 24.000000000000 	 0.001852506259 
13.000000000000 	 25.000000000000 	 0.001845819737 
13.000000000000 	 26.000000000000 	 0.001831980885 
13.000000000000 	 27.000000000000 	 0.001811043791 
13.000000000000 	 28.000000000000 	 0.001783090026 
13.000000000000 	 29.000000000000 	 0.001748228320 
13.000000000000 	 30.000000000000 	 0.001706594133 
13.000000000000 	 31.000000000000 	 0.001658349123 
13.000000000000 	 32.000000000000 	 0.001603680518 
13.000000000000 	 33.000000000000 	 0.001542800382 
13.000000000000 	 34.000000000000 	 0.001475944792 
13.000000000000 	 35.000000000000 	 0.001403372922 
13.000000000000 	 36.000000000000 	 0.001325366034 
13.000000000000 	 37.000000000000 	 0.001242226390 
13.000000000000 	 38.000000000000 	 0.001154276084 
13.000000000000 	 39.000000000000 	 0.001061855788 

14.000000000000 	 1.000000000000 	 0.000318707471 
14.000000000000 	 2.000000000000 	 0.000436986295 
14.000000000000 	 3.000000000000 	 0.000553569776 
14.000000000000 	 4.000000000000 	 0.000668005650 
14.000000000000 	 5.000000000000 	 0.000779850013 
14.000000000000 	 6.000000000000 	 0.000888669050 
14.000000000000 	 7.000000000000 	 0.000994040721 
14.000000000000 	 8.000000000000 	 0.001095556401 
14.000000000000 	 9.000000000000 	 0.001192822471 
14.000000000000 	 10.000000000000 	 0.001285461843 
14.000000000000 	 11.000000000000 	 0.001373115428 
14.000000000000 	 12.000000000000 	 0.001455443523 
14.000000000000 	 13.000000000000 	 0.001532127134 
14.000000000000 	 14.000000000000 	 0.001602869204 
14.000000000000 	 15.000000000000 	 0.001667395770 
14.000000000000 	 16.000000000000 	 0.001725457013 
14.000000000000 	 17.000000000000 	 0.001776828231 
14.000000000000 	 18.000000000000 	 0.001821310694 
14.000000000000 	 19.000000000000 	 0.001858732418 
14.000000000000 	 20.000000000000 	 0.001888948819 
14.000000000000 	 21.000000000000 	 0.001911843267 
14.000000000000 	 22.000000000000 	 0.001927327529 
14.000000000000 	 23.000000000000 	 0.001935342105 
14.000000000000 	 24.000000000000 	 0.001935856450 
14.000000000000 	 25.000000000000 	 0.001928869081 
14.000000000000 	 26.000000000000 	 0.001914407574 
14.000000000000 	 27.000000000000 	 0.001892528452 
14.000000000000 	 28.000000000000 	 0.001863316958 
14.000000000000 	 29.000000000000 	 0.001826886713 
14.000000000000 	 30.000000000000 	 0.001783379270 
14.000000000000 	 31.000000000000 	 0.001732963563 
14.000000000000 	 32.000000000000 	 0.001675835242 
14.000000000000 	 33.000000000000 	 0.001612215913 
14.000000000000 	 34.000000000000 	 0.001542352276 
14.000000000000 	 35.000000000000 	 0.001466515165 
14.000000000000 	 36.000000000000 	 0.001384998497 
14.000000000000 	 37.000000000000 	 0.001298118135 
14.000000000000 	 38.000000000000 	 0.001206210662 
14.000000000000 	 39.000000000000 	 0.001109632082 

15.000000000000 	 1.000000000000 	 0.000330464649 
15.000000000000 	 2.000000000000 	 0.000453106801 
15.000000000000 	 3.000000000000 	 0.000573991068 
15.000000000000 	 4.000000000000 	 0.000692648502 
15.000000000000 	 5.000000000000 	 0.000808618825 
15.000000000000 	 6.000000000000 	 0.000921452216 
15.000000000000 	 7.000000000000 	 0.001030711067 
15.000000000000 	 8.000000000000 	 0.001135971679 
15.000000000000 	 9.000000000000 	 0.001236825913 
15.000000000000 	 10.000000000000 	 0.001332882769 
15.000000000000 	 11.000000000000 	 0.001423769910 
15.000000000000 	 12.000000000000 	 0.001509135104 
15.000000000000 	 13.000000000000 	 0.001588647587 
15.000000000000 	 14.000000000000 	 0.001661999346 
15.000000000000 	 15.000000000000 	 0.001728906308 
15.000000000000 	 16.000000000000 	 0.001789109442 
15.000000000000 	 17.000000000000 	 0.001842375753 
15.000000000000 	 18.000000000000 	 0.001888499183 
15.000000000000 	 19.000000000000 	 0.001927301401 
15.000000000000 	 20.000000000000 	 0.001958632491 
15.000000000000 	 21.000000000000 	 0.001982371519 
15.000000000000 	 22.000000000000 	 0.001998426998 
15.000000000000 	 23.000000000000 	 0.002006737234 
15.000000000000 	 24.000000000000 	 0.002007270553 
15.000000000000 	 25.000000000000 	 0.002000025418 
15.000000000000 	 26.000000000000 	 0.001985030423 
15.000000000000 	 27.000000000000 	 0.001962344177 
15.000000000000 	 28.000000000000 	 0.001932055066 
15.000000000000 	 29.000000000000 	 0.001894280902 
15.000000000000 	 30.000000000000 	 0.001849168461 
15.000000000000 	 31.000000000000 	 0.001796892909 
15.000000000000 	 32.000000000000 	 0.001737657114 
15.000000000000 	 33.000000000000 	 0.001671690856 
15.000000000000 	 34.000000000000 	 0.001599249937 
15.000000000000 	 35.000000000000 	 0.001520615181 
15.000000000000 	 36.000000000000 	 0.001436091348 
15.000000000000 	 37.000000000000 	 0.001346005953 
15.000000000000 	 38.000000000000 	 0.001250707997 
15.000000000000 	 39.000000000000 	 0.001150566614 

16.000000000000 	 1.000000000000 	 0.000340184274 
16.000000000000 	 2.000000000000 	 0.000466433576 
16.000000000000 	 3.000000000000 	 0.000590873291 
16.000000000000 	 4.000000000000 	 0.000713020678 
16.000000000000 	 5.000000000000 	 0.000832401919 
16.000000000000 	 6.000000000000 	 0.000948553966 
16.000000000000 	 7.000000000000 	 0.001061026337 
16.000000000000 	 8.000000000000 	 0.001169382875 
16.000000000000 	 9.000000000000 	 0.001273203432 
16.000000000000 	 10.000000000000 	 0.001372085512 
16.000000000000 	 11.000000000000 	 0.001465645826 
16.000000000000 	 12.000000000000 	 0.001553521781 
16.000000000000 	 13.000000000000 	 0.001635372884 
16.000000000000 	 14.000000000000 	 0.001710882065 
16.000000000000 	 15.000000000000 	 0.001779756894 
16.000000000000 	 16.000000000000 	 0.001841730723 
16.000000000000 	 17.000000000000 	 0.001896563702 
16.000000000000 	 18.000000000000 	 0.001944043714 
16.000000000000 	 19.000000000000 	 0.001983987184 
16.000000000000 	 20.000000000000 	 0.002016239783 
16.000000000000 	 21.000000000000 	 0.002040677023 
16.000000000000 	 22.000000000000 	 0.002057204726 
16.000000000000 	 23.000000000000 	 0.002065759383 
16.000000000000 	 24.000000000000 	 0.002066308388 
16.000000000000 	 25.000000000000 	 0.002058850159 
16.000000000000 	 26.000000000000 	 0.002043414131 
16.000000000000 	 27.000000000000 	 0.002020060638 
16.000000000000 	 28.000000000000 	 0.001988880663 
16.000000000000 	 29.000000000000 	 0.001949995485 
16.000000000000 	 30.000000000000 	 0.001903556198 
16.000000000000 	 31.000000000000 	 0.001849743117 
16.000000000000 	 32.000000000000 	 0.001788765079 
16.000000000000 	 33.000000000000 	 0.001720858622 
16.000000000000 	 34.000000000000 	 0.001646287071 
16.000000000000 	 35.000000000000 	 0.001565339509 
16.000000000000 	 36.000000000000 	 0.001478329662 
16.000000000000 	 37.000000000000 	 0.001385594676 
16.000000000000 	 38.000000000000 	 0.001287493816 
16.000000000000 	 39.000000000000 	 0.001184407076 

17.000000000000 	 1.000000000000 	 0.000347806444 
17.000000000000 	 2.000000000000 	 0.000476884488 
17.000000000000 	 3.000000000000 	 0.000604112399 
17.000000000000 	 4.000000000000 	 0.000728996620 
17.000000000000 	 5.000000000000 	 0.000851052718 
17.000000000000 	 6.000000000000 	 0.000969807268 
17.000000000000 	 7.000000000000 	 0.001084799696 
17.000000000000 	 8.000000000000 	 0.001195584070 
17.000000000000 	 9.000000000000 	 0.001301730831 
17.000000000000 	 10.000000000000 	 0.001402828463 
17.000000000000 	 11.000000000000 	 0.001498485089 
17.000000000000 	 12.000000000000 	 0.001588329993 
17.000000000000 	 13.000000000000 	 0.001672015053 
17.000000000000 	 14.000000000000 	 0.001749216092 
17.000000000000 	 15.000000000000 	 0.001819634131 
17.000000000000 	 16.000000000000 	 0.001882996545 
17.000000000000 	 17.000000000000 	 0.001939058112 
17.000000000000 	 18.000000000000 	 0.001987601962 
17.000000000000 	 19.000000000000 	 0.002028440404 
17.000000000000 	 20.000000000000 	 0.002061415656 
17.000000000000 	 21.000000000000 	 0.002086400437 
17.000000000000 	 22.000000000000 	 0.002103298459 
17.000000000000 	 23.000000000000 	 0.002112044792 
17.000000000000 	 24.000000000000 	 0.002112606098 
17.000000000000 	 25.000000000000 	 0.002104980760 
17.000000000000 	 26.000000000000 	 0.002089198872 
17.000000000000 	 27.000000000000 	 0.002065322120 
17.000000000000 	 28.000000000000 	 0.002033443527 
17.000000000000 	 29.000000000000 	 0.001993687088 
17.000000000000 	 30.000000000000 	 0.001946207282 
17.000000000000 	 31.000000000000 	 0.001891188465 
17.000000000000 	 32.000000000000 	 0.001828844153 
17.000000000000 	 33.000000000000 	 0.001759416184 
17.000000000000 	 34.000000000000 	 0.001683173782 
17.000000000000 	 35.000000000000 	 0.001600412510 
17.000000000000 	 36.000000000000 	 0.001511453119 
17.000000000000 	 37.000000000000 	 0.001416640313 
17.000000000000 	 38.000000000000 	 0.001316341405 
17.000000000000 	 39.000000000000 	 0.001210944903 

18.000000000000 	 1.000000000000 	 0.000353284189 
18.000000000000 	 2.000000000000 	 0.000484395135 
18.000000000000 	 3.000000000000 	 0.000613626811 
18.000000000000 	 4.000000000000 	 0.000740477884 
18.000000000000 	 5.000000000000 	 0.000864456293 
18.000000000000 	 6.000000000000 	 0.000985081156 
18.000000000000 	 7.000000000000 	 0.001101884647 
18.000000000000 	 8.000000000000 	 0.001214413809 
18.000000000000 	 9.000000000000 	 0.001322232319 
18.000000000000 	 10.000000000000 	 0.001424922178 
18.000000000000 	 11.000000000000 	 0.001522085340 
18.000000000000 	 12.000000000000 	 0.001613345247 
18.000000000000 	 13.000000000000 	 0.001698348297 
18.000000000000 	 14.000000000000 	 0.001776765207 
18.000000000000 	 15.000000000000 	 0.001848292288 
18.000000000000 	 16.000000000000 	 0.001912652623 
18.000000000000 	 17.000000000000 	 0.001969597126 
18.000000000000 	 18.000000000000 	 0.002018905512 
18.000000000000 	 19.000000000000 	 0.002060387136 
18.000000000000 	 20.000000000000 	 0.002093881728 
18.000000000000 	 21.000000000000 	 0.002119260005 
18.000000000000 	 22.000000000000 	 0.002136424161 
18.000000000000 	 23.000000000000 	 0.002145308243 
18.000000000000 	 24.000000000000 	 0.002145878389 
18.000000000000 	 25.000000000000 	 0.002138132957 
18.000000000000 	 26.000000000000 	 0.002122102514 
18.000000000000 	 27.000000000000 	 0.002097849717 
18.000000000000 	 28.000000000000 	 0.002065469055 
18.000000000000 	 29.000000000000 	 0.002025086476 
18.000000000000 	 30.000000000000 	 0.001976858891 
18.000000000000 	 31.000000000000 	 0.001920973561 
18.000000000000 	 32.000000000000 	 0.001857647362 
18.000000000000 	 33.000000000000 	 0.001787125944 
18.000000000000 	 34.000000000000 	 0.001709682770 
18.000000000000 	 35.000000000000 	 0.001625618056 
18.000000000000 	 36.000000000000 	 0.001535257608 
18.000000000000 	 37.000000000000 	 0.001438951557 
18.000000000000 	 38.000000000000 	 0.001337073001 
18.000000000000 	 39.000000000000 	 0.001230016566 

19.000000000000 	 1.000000000000 	 0.000356583763 
19.000000000000 	 2.000000000000 	 0.000488919249 
19.000000000000 	 3.000000000000 	 0.000619357912 
19.000000000000 	 4.000000000000 	 0.000747393739 
19.000000000000 	 5.000000000000 	 0.000872530071 
19.000000000000 	 6.000000000000 	 0.000994281536 
19.000000000000 	 7.000000000000 	 0.001112175938 
19.000000000000 	 8.000000000000 	 0.001225756091 
19.000000000000 	 9.000000000000 	 0.001334581595 
19.000000000000 	 10.000000000000 	 0.001438230549 
19.000000000000 	 11.000000000000 	 0.001536301187 
19.000000000000 	 12.000000000000 	 0.001628413436 
19.000000000000 	 13.000000000000 	 0.001714210390 
19.000000000000 	 14.000000000000 	 0.001793359692 
19.000000000000 	 15.000000000000 	 0.001865554816 
19.000000000000 	 16.000000000000 	 0.001930516258 
19.000000000000 	 17.000000000000 	 0.001987992607 
19.000000000000 	 18.000000000000 	 0.002037761520 
19.000000000000 	 19.000000000000 	 0.002079630570 
19.000000000000 	 20.000000000000 	 0.002113437992 
19.000000000000 	 21.000000000000 	 0.002139053294 
19.000000000000 	 22.000000000000 	 0.002156377760 
19.000000000000 	 23.000000000000 	 0.002165344816 
19.000000000000 	 24.000000000000 	 0.002165920287 
19.000000000000 	 25.000000000000 	 0.002158102515 
19.000000000000 	 26.000000000000 	 0.002141922352 
19.000000000000 	 27.000000000000 	 0.002117443041 
19.000000000000 	 28.000000000000 	 0.002084759953 
19.000000000000 	 29.000000000000 	 0.002044000211 
19.000000000000 	 30.000000000000 	 0.001995322195 
19.000000000000 	 31.000000000000 	 0.001938914911 
19.000000000000 	 32.000000000000 	 0.001874997264 
19.000000000000 	 33.000000000000 	 0.001803817196 
19.000000000000 	 34.000000000000 	 0.001725650724 
19.000000000000 	 35.000000000000 	 0.001640800870 
19.000000000000 	 36.000000000000 	 0.001549596481 
19.000000000000 	 37.000000000000 	 0.001452390958 
19.000000000000 	 38.000000000000 	 0.001349560885 
19.000000000000 	 39.000000000000 	 0.001241504574 

20.000000000000 	 1.000000000000 	 0.000357684852 
20.000000000000 	 2.000000000000 	 0.000490428974 
20.000000000000 	 3.000000000000 	 0.000621270416 
20.000000000000 	 4.000000000000 	 0.000749701603 
20.000000000000 	 5.000000000000 	 0.000875224341 
20.000000000000 	 6.000000000000 	 0.000997351761 
20.000000000000 	 7.000000000000 	 0.001115610207 
20.000000000000 	 8.000000000000 	 0.001229541082 
20.000000000000 	 9.000000000000 	 0.001338702626 
20.000000000000 	 10.000000000000 	 0.001442671636 
20.000000000000 	 11.000000000000 	 0.001541045104 
20.000000000000 	 12.000000000000 	 0.001633441785 
20.000000000000 	 13.000000000000 	 0.001719503671 
20.000000000000 	 14.000000000000 	 0.001798897376 
20.000000000000 	 15.000000000000 	 0.001871315430 
20.000000000000 	 16.000000000000 	 0.001936477465 
20.000000000000 	 17.000000000000 	 0.001994131295 
20.000000000000 	 18.000000000000 	 0.002044053888 
20.000000000000 	 19.000000000000 	 0.002086052225 
20.000000000000 	 20.000000000000 	 0.002119964040 
20.000000000000 	 21.000000000000 	 0.002145658440 
20.000000000000 	 22.000000000000 	 0.002163036401 
20.000000000000 	 23.000000000000 	 0.002172031146 
20.000000000000 	 24.000000000000 	 0.002172608395 
20.000000000000 	 25.000000000000 	 0.002164766481 
20.000000000000 	 26.000000000000 	 0.002148536357 
20.000000000000 	 27.000000000000 	 0.002123981456 
20.000000000000 	 28.000000000000 	 0.002091197446 
20.000000000000 	 29.000000000000 	 0.002050311844 
20.000000000000 	 30.000000000000 	 0.002001483515 
20.000000000000 	 31.000000000000 	 0.001944902053 
20.000000000000 	 32.000000000000 	 0.001880787035 
20.000000000000 	 33.000000000000 	 0.001809387171 
20.000000000000 	 34.000000000000 	 0.001730979331 
20.000000000000 	 35.000000000000 	 0.001645867470 
20.000000000000 	 36.000000000000 	 0.001554381453 
20.000000000000 	 37.000000000000 	 0.001456875770 
20.000000000000 	 38.000000000000 	 0.001353728170 
20.000000000000 	 39.000000000000 	 0.001245338194 

21.000000000000 	 1.000000000000 	 0.000356580695 
21.000000000000 	 2.000000000000 	 0.000488915042 
21.000000000000 	 3.000000000000 	 0.000619352582 
21.000000000000 	 4.000000000000 	 0.000747387307 
21.000000000000 	 5.000000000000 	 0.000872522562 
21.000000000000 	 6.000000000000 	 0.000994272980 
21.000000000000 	 7.000000000000 	 0.001112166367 
21.000000000000 	 8.000000000000 	 0.001225745543 
21.000000000000 	 9.000000000000 	 0.001334570110 
21.000000000000 	 10.000000000000 	 0.001438218172 
21.000000000000 	 11.000000000000 	 0.001536287966 
21.000000000000 	 12.000000000000 	 0.001628399423 
21.000000000000 	 13.000000000000 	 0.001714195639 
21.000000000000 	 14.000000000000 	 0.001793344259 
21.000000000000 	 15.000000000000 	 0.001865538762 
21.000000000000 	 16.000000000000 	 0.001930499645 
21.000000000000 	 17.000000000000 	 0.001987975500 
21.000000000000 	 18.000000000000 	 0.002037743984 
21.000000000000 	 19.000000000000 	 0.002079612674 
21.000000000000 	 20.000000000000 	 0.002113419805 
21.000000000000 	 21.000000000000 	 0.002139034887 
21.000000000000 	 22.000000000000 	 0.002156359203 
21.000000000000 	 23.000000000000 	 0.002165326182 
21.000000000000 	 24.000000000000 	 0.002165901649 
21.000000000000 	 25.000000000000 	 0.002158083943 
21.000000000000 	 26.000000000000 	 0.002141903920 
21.000000000000 	 27.000000000000 	 0.002117424820 
21.000000000000 	 28.000000000000 	 0.002084742012 
21.000000000000 	 29.000000000000 	 0.002043982622 
21.000000000000 	 30.000000000000 	 0.001995305024 
21.000000000000 	 31.000000000000 	 0.001938898226 
21.000000000000 	 32.000000000000 	 0.001874981129 
21.000000000000 	 33.000000000000 	 0.001803801673 
21.000000000000 	 34.000000000000 	 0.001725635874 
21.000000000000 	 35.000000000000 	 0.001640786750 
21.000000000000 	 36.000000000000 	 0.001549583146 
21.000000000000 	 37.000000000000 	 0.001452378459 
21.000000000000 	 38.000000000000 	 0.001349549271 
21.000000000000 	 39.000000000000 	 0.001241493890 

22.000000000000 	 1.000000000000 	 0.000353278127 
22.000000000000 	 2.000000000000 	 0.000484386824 
22.000000000000 	 3.000000000000 	 0.000613616282 
22.000000000000 	 4.000000000000 	 0.000740465179 
22.000000000000 	 5.000000000000 	 0.000864441461 
22.000000000000 	 6.000000000000 	 0.000985064254 
22.000000000000 	 7.000000000000 	 0.001101865741 
22.000000000000 	 8.000000000000 	 0.001214392972 
22.000000000000 	 9.000000000000 	 0.001322209632 
22.000000000000 	 10.000000000000 	 0.001424897730 
22.000000000000 	 11.000000000000 	 0.001522059224 
22.000000000000 	 12.000000000000 	 0.001613317566 
22.000000000000 	 13.000000000000 	 0.001698319157 
22.000000000000 	 14.000000000000 	 0.001776734721 
22.000000000000 	 15.000000000000 	 0.001848260576 
22.000000000000 	 16.000000000000 	 0.001912619806 
22.000000000000 	 17.000000000000 	 0.001969563332 
22.000000000000 	 18.000000000000 	 0.002018870872 
22.000000000000 	 19.000000000000 	 0.002060351785 
22.000000000000 	 20.000000000000 	 0.002093845802 
22.000000000000 	 21.000000000000 	 0.002119223643 
22.000000000000 	 22.000000000000 	 0.002136387505 
22.000000000000 	 23.000000000000 	 0.002145271434 
22.000000000000 	 24.000000000000 	 0.002145841571 
22.000000000000 	 25.000000000000 	 0.002138096271 
22.000000000000 	 26.000000000000 	 0.002122066104 
22.000000000000 	 27.000000000000 	 0.002097813723 
22.000000000000 	 28.000000000000 	 0.002065433616 
22.000000000000 	 29.000000000000 	 0.002025051730 
22.000000000000 	 30.000000000000 	 0.001976824972 
22.000000000000 	 31.000000000000 	 0.001920940601 
22.000000000000 	 32.000000000000 	 0.001857615489 
22.000000000000 	 33.000000000000 	 0.001787095281 
22.000000000000 	 34.000000000000 	 0.001709653435 
22.000000000000 	 35.000000000000 	 0.001625590164 
22.000000000000 	 36.000000000000 	 0.001535231267 
22.000000000000 	 37.000000000000 	 0.001438926868 
22.000000000000 	 38.000000000000 	 0.001337050060 
22.000000000000 	 39.000000000000 	 0.001229995462 

23.000000000000 	 1.000000000000 	 0.000347797538 
23.000000000000 	 2.000000000000 	 0.000476872278 
23.000000000000 	 3.000000000000 	 0.000604096931 
23.000000000000 	 4.000000000000 	 0.000728977955 
23.000000000000 	 5.000000000000 	 0.000851030927 
23.000000000000 	 6.000000000000 	 0.000969782436 
23.000000000000 	 7.000000000000 	 0.001084771920 
23.000000000000 	 8.000000000000 	 0.001195553458 
23.000000000000 	 9.000000000000 	 0.001301697501 
23.000000000000 	 10.000000000000 	 0.001402792545 
23.000000000000 	 11.000000000000 	 0.001498446722 
23.000000000000 	 12.000000000000 	 0.001588289325 
23.000000000000 	 13.000000000000 	 0.001671972242 
23.000000000000 	 14.000000000000 	 0.001749171304 
23.000000000000 	 15.000000000000 	 0.001819587541 
23.000000000000 	 16.000000000000 	 0.001882948332 
23.000000000000 	 17.000000000000 	 0.001939008464 
23.000000000000 	 18.000000000000 	 0.001987551071 
23.000000000000 	 19.000000000000 	 0.002028388468 
23.000000000000 	 20.000000000000 	 0.002061362875 
23.000000000000 	 21.000000000000 	 0.002086347016 
23.000000000000 	 22.000000000000 	 0.002103244606 
23.000000000000 	 23.000000000000 	 0.002111990714 
23.000000000000 	 24.000000000000 	 0.002112552006 
23.000000000000 	 25.000000000000 	 0.002104926863 
23.000000000000 	 26.000000000000 	 0.002089145380 
23.000000000000 	 27.000000000000 	 0.002065269239 
23.000000000000 	 28.000000000000 	 0.002033391462 
23.000000000000 	 29.000000000000 	 0.001993636041 
23.000000000000 	 30.000000000000 	 0.001946157450 
23.000000000000 	 31.000000000000 	 0.001891140043 
23.000000000000 	 32.000000000000 	 0.001828797327 
23.000000000000 	 33.000000000000 	 0.001759371135 
23.000000000000 	 34.000000000000 	 0.001683130686 
23.000000000000 	 35.000000000000 	 0.001600371532 
23.000000000000 	 36.000000000000 	 0.001511414420 
23.000000000000 	 37.000000000000 	 0.001416604041 
23.000000000000 	 38.000000000000 	 0.001316307701 
23.000000000000 	 39.000000000000 	 0.001210913898 

24.000000000000 	 1.000000000000 	 0.000340172744 
24.000000000000 	 2.000000000000 	 0.000466417767 
24.000000000000 	 3.000000000000 	 0.000590853265 
24.000000000000 	 4.000000000000 	 0.000712996511 
24.000000000000 	 5.000000000000 	 0.000832373706 
24.000000000000 	 6.000000000000 	 0.000948521816 
24.000000000000 	 7.000000000000 	 0.001060990376 
24.000000000000 	 8.000000000000 	 0.001169343241 
24.000000000000 	 9.000000000000 	 0.001273160280 
24.000000000000 	 10.000000000000 	 0.001372039008 
24.000000000000 	 11.000000000000 	 0.001465596151 
24.000000000000 	 12.000000000000 	 0.001553469127 
24.000000000000 	 13.000000000000 	 0.001635317457 
24.000000000000 	 14.000000000000 	 0.001710824078 
24.000000000000 	 15.000000000000 	 0.001779696573 
24.000000000000 	 16.000000000000 	 0.001841668301 
24.000000000000 	 17.000000000000 	 0.001896499422 
24.000000000000 	 18.000000000000 	 0.001943977825 
24.000000000000 	 19.000000000000 	 0.001983919941 
24.000000000000 	 20.000000000000 	 0.002016171447 
24.000000000000 	 21.000000000000 	 0.002040607859 
24.000000000000 	 22.000000000000 	 0.002057135002 
24.000000000000 	 23.000000000000 	 0.002065689368 
24.000000000000 	 24.000000000000 	 0.002066238355 
24.000000000000 	 25.000000000000 	 0.002058780378 
24.000000000000 	 26.000000000000 	 0.002043344874 
24.000000000000 	 27.000000000000 	 0.002019992172 
24.000000000000 	 28.000000000000 	 0.001988813254 
24.000000000000 	 29.000000000000 	 0.001949929394 
24.000000000000 	 30.000000000000 	 0.001903491681 
24.000000000000 	 31.000000000000 	 0.001849680424 
24.000000000000 	 32.000000000000 	 0.001788704453 
24.000000000000 	 33.000000000000 	 0.001720800297 
24.000000000000 	 34.000000000000 	 0.001646231273 
24.000000000000 	 35.000000000000 	 0.001565286455 
24.000000000000 	 36.000000000000 	 0.001478279557 
24.000000000000 	 37.000000000000 	 0.001385547714 
24.000000000000 	 38.000000000000 	 0.001287450179 
24.000000000000 	 39.000000000000 	 0.001184366933 

25.000000000000 	 1.000000000000 	 0.000330450779 
25.000000000000 	 2.000000000000 	 0.000453087783 
25.000000000000 	 3.000000000000 	 0.000573966976 
25.000000000000 	 4.000000000000 	 0.000692619430 
25.000000000000 	 5.000000000000 	 0.000808584885 
25.000000000000 	 6.000000000000 	 0.000921413541 
25.000000000000 	 7.000000000000 	 0.001030667806 
25.000000000000 	 8.000000000000 	 0.001135924000 
25.000000000000 	 9.000000000000 	 0.001236774000 
25.000000000000 	 10.000000000000 	 0.001332826824 
25.000000000000 	 11.000000000000 	 0.001423710151 
25.000000000000 	 12.000000000000 	 0.001509071762 
25.000000000000 	 13.000000000000 	 0.001588580908 
25.000000000000 	 14.000000000000 	 0.001661929587 
25.000000000000 	 15.000000000000 	 0.001728833742 
25.000000000000 	 16.000000000000 	 0.001789034349 
25.000000000000 	 17.000000000000 	 0.001842298424 
25.000000000000 	 18.000000000000 	 0.001888419918 
25.000000000000 	 19.000000000000 	 0.001927220508 
25.000000000000 	 20.000000000000 	 0.001958550282 
25.000000000000 	 21.000000000000 	 0.001982288314 
25.000000000000 	 22.000000000000 	 0.001998343119 
25.000000000000 	 23.000000000000 	 0.002006653006 
25.000000000000 	 24.000000000000 	 0.002007186303 
25.000000000000 	 25.000000000000 	 0.001999941472 
25.000000000000 	 26.000000000000 	 0.001984947107 
25.000000000000 	 27.000000000000 	 0.001962261813 
25.000000000000 	 28.000000000000 	 0.001931973973 
25.000000000000 	 29.000000000000 	 0.001894201394 
25.000000000000 	 30.000000000000 	 0.001849090847 
25.000000000000 	 31.000000000000 	 0.001796817489 
25.000000000000 	 32.000000000000 	 0.001737584180 
25.000000000000 	 33.000000000000 	 0.001671620692 
25.000000000000 	 34.000000000000 	 0.001599182813 
25.000000000000 	 35.000000000000 	 0.001520551357 
25.000000000000 	 36.000000000000 	 0.001436031072 
25.000000000000 	 37.000000000000 	 0.001345949458 
25.000000000000 	 38.000000000000 	 0.001250655502 
25.000000000000 	 39.000000000000 	 0.001150518322 

26.000000000000 	 1.000000000000 	 0.000318691602 
26.000000000000 	 2.000000000000 	 0.000436964536 
26.000000000000 	 3.000000000000 	 0.000553542212 
26.000000000000 	 4.000000000000 	 0.000667972388 
26.000000000000 	 5.000000000000 	 0.000779811182 
26.000000000000 	 6.000000000000 	 0.000888624801 
26.000000000000 	 7.000000000000 	 0.000993991225 
26.000000000000 	 8.000000000000 	 0.001095501850 
26.000000000000 	 9.000000000000 	 0.001192763077 
26.000000000000 	 10.000000000000 	 0.001285397836 
26.000000000000 	 11.000000000000 	 0.001373047056 
26.000000000000 	 12.000000000000 	 0.001455371052 
26.000000000000 	 13.000000000000 	 0.001532050844 
26.000000000000 	 14.000000000000 	 0.001602789392 
26.000000000000 	 15.000000000000 	 0.001667312745 
26.000000000000 	 16.000000000000 	 0.001725371098 
26.000000000000 	 17.000000000000 	 0.001776739757 
26.000000000000 	 18.000000000000 	 0.001821220006 
26.000000000000 	 19.000000000000 	 0.001858639867 
26.000000000000 	 20.000000000000 	 0.001888854763 
26.000000000000 	 21.000000000000 	 0.001911748070 
26.000000000000 	 22.000000000000 	 0.001927231561 
26.000000000000 	 23.000000000000 	 0.001935245739 
26.000000000000 	 24.000000000000 	 0.001935760058 
26.000000000000 	 25.000000000000 	 0.001928773036 
26.000000000000 	 26.000000000000 	 0.001914312249 
26.000000000000 	 27.000000000000 	 0.001892434218 
26.000000000000 	 28.000000000000 	 0.001863224178 
26.000000000000 	 29.000000000000 	 0.001826795746 
26.000000000000 	 30.000000000000 	 0.001783290470 
26.000000000000 	 31.000000000000 	 0.001732877273 
26.000000000000 	 32.000000000000 	 0.001675751797 
26.000000000000 	 33.000000000000 	 0.001612135636 
26.000000000000 	 34.000000000000 	 0.001542275478 
26.000000000000 	 35.000000000000 	 0.001466442143 
26.000000000000 	 36.000000000000 	 0.001384929534 
26.000000000000 	 37.000000000000 	 0.001298053498 
26.000000000000 	 38.000000000000 	 0.001206150601 
26.000000000000 	 39.000000000000 	 0.001109576830 

27.000000000000 	 1.000000000000 	 0.000304967732 
27.000000000000 	 2.000000000000 	 0.000418147459 
27.000000000000 	 3.000000000000 	 0.000529704931 
27.000000000000 	 4.000000000000 	 0.000639207381 
27.000000000000 	 5.000000000000 	 0.000746230043 
27.000000000000 	 6.000000000000 	 0.000850357802 
27.000000000000 	 7.000000000000 	 0.000951186814 
27.000000000000 	 8.000000000000 	 0.001048326070 
27.000000000000 	 9.000000000000 	 0.001141398920 
27.000000000000 	 10.000000000000 	 0.001230044534 
27.000000000000 	 11.000000000000 	 0.001313919301 
27.000000000000 	 12.000000000000 	 0.001392698165 
27.000000000000 	 13.000000000000 	 0.001466075882 
27.000000000000 	 14.000000000000 	 0.001533768204 
27.000000000000 	 15.000000000000 	 0.001595512977 
27.000000000000 	 16.000000000000 	 0.001651071153 
27.000000000000 	 17.000000000000 	 0.001700227715 
27.000000000000 	 18.000000000000 	 0.001742792503 
27.000000000000 	 19.000000000000 	 0.001778600946 
27.000000000000 	 20.000000000000 	 0.001807514694 
27.000000000000 	 21.000000000000 	 0.001829422143 
27.000000000000 	 22.000000000000 	 0.001844238866 
27.000000000000 	 23.000000000000 	 0.001851907927 
27.000000000000 	 24.000000000000 	 0.001852400098 
27.000000000000 	 25.000000000000 	 0.001845713960 
27.000000000000 	 26.000000000000 	 0.001831875900 
27.000000000000 	 27.000000000000 	 0.001810940006 
27.000000000000 	 28.000000000000 	 0.001782987843 
27.000000000000 	 29.000000000000 	 0.001748128135 
27.000000000000 	 30.000000000000 	 0.001706496334 
27.000000000000 	 31.000000000000 	 0.001658254089 
27.000000000000 	 32.000000000000 	 0.001603588616 
27.000000000000 	 33.000000000000 	 0.001542711969 
27.000000000000 	 34.000000000000 	 0.001475860210 
27.000000000000 	 35.000000000000 	 0.001403292499 
27.000000000000 	 36.000000000000 	 0.001325290081 
27.000000000000 	 37.000000000000 	 0.001242155202 
27.000000000000 	 38.000000000000 	 0.001154209936 
27.000000000000 	 39.000000000000 	 0.001061794937 

28.000000000000 	 1.000000000000 	 0.000289363796 
28.000000000000 	 2.000000000000 	 0.000396752585 
28.000000000000 	 3.000000000000 	 0.000502602123 
28.000000000000 	 4.000000000000 	 0.000606501786 
28.000000000000 	 5.000000000000 	 0.000708048541 
28.000000000000 	 6.000000000000 	 0.000806848515 
28.000000000000 	 7.000000000000 	 0.000902518523 
28.000000000000 	 8.000000000000 	 0.000994687566 
28.000000000000 	 9.000000000000 	 0.001082998264 
28.000000000000 	 10.000000000000 	 0.001167108248 
28.000000000000 	 11.000000000000 	 0.001246691491 
28.000000000000 	 12.000000000000 	 0.001321439566 
28.000000000000 	 13.000000000000 	 0.001391062850 
28.000000000000 	 14.000000000000 	 0.001455291636 
28.000000000000 	 15.000000000000 	 0.001513877184 
28.000000000000 	 16.000000000000 	 0.001566592679 
28.000000000000 	 17.000000000000 	 0.001613234103 
28.000000000000 	 18.000000000000 	 0.001653621027 
28.000000000000 	 19.000000000000 	 0.001687597301 
28.000000000000 	 20.000000000000 	 0.001715031651 
28.000000000000 	 21.000000000000 	 0.001735818187 
28.000000000000 	 22.000000000000 	 0.001749876799 
28.000000000000 	 23.000000000000 	 0.001757153467 
28.000000000000 	 24.000000000000 	 0.001757620456 
28.000000000000 	 25.000000000000 	 0.001751276419 
28.000000000000 	 26.000000000000 	 0.001738146396 
28.000000000000 	 27.000000000000 	 0.001718281704 
28.000000000000 	 28.000000000000 	 0.001691759738 
28.000000000000 	 29.000000000000 	 0.001658683657 
28.000000000000 	 30.000000000000 	 0.001619181982 
28.000000000000 	 31.000000000000 	 0.001573408093 
28.000000000000 	 32.000000000000 	 0.001521539627 
28.000000000000 	 33.000000000000 	 0.001463777785 
28.000000000000 	 34.000000000000 	 0.001400346554 
28.000000000000 	 35.000000000000 	 0.001331491832 
28.000000000000 	 36.000000000000 	 0.001257480475 
28.000000000000 	 37.000000000000 	 0.001178599264 
28.000000000000 	 38.000000000000 	 0.001095153793 
28.000000000000 	 39.000000000000 	 0.001007467286 

29.000000000000 	 1.000000000000 	 0.000271976008 
29.000000000000 	 2.000000000000 	 0.000372911836 
29.000000000000 	 3.000000000000 	 0.000472400905 
29.000000000000 	 4.000000000000 	 0.000570057267 
29.000000000000 	 5.000000000000 	 0.000665502107 
29.000000000000 	 6.000000000000 	 0.000758365218 
29.000000000000 	 7.000000000000 	 0.000848286443 
29.000000000000 	 8.000000000000 	 0.000934917074 
29.000000000000 	 9.000000000000 	 0.001017921207 
29.000000000000 	 10.000000000000 	 0.001096977047 
29.000000000000 	 11.000000000000 	 0.001171778155 
29.000000000000 	 12.000000000000 	 0.001242034640 
29.000000000000 	 13.000000000000 	 0.001307474280 
29.000000000000 	 14.000000000000 	 0.001367843577 
29.000000000000 	 15.000000000000 	 0.001422908736 
29.000000000000 	 16.000000000000 	 0.001472456572 
29.000000000000 	 17.000000000000 	 0.001516295326 
29.000000000000 	 18.000000000000 	 0.001554255412 
29.000000000000 	 19.000000000000 	 0.001586190061 
29.000000000000 	 20.000000000000 	 0.001611975889 
29.000000000000 	 21.000000000000 	 0.001631513367 
29.000000000000 	 22.000000000000 	 0.001644727202 
29.000000000000 	 23.000000000000 	 0.001651566617 
29.000000000000 	 24.000000000000 	 0.001652005544 
29.000000000000 	 25.000000000000 	 0.001646042719 
29.000000000000 	 26.000000000000 	 0.001633701675 
29.000000000000 	 27.000000000000 	 0.001615030647 
29.000000000000 	 28.000000000000 	 0.001590102378 
29.000000000000 	 29.000000000000 	 0.001559013829 
29.000000000000 	 30.000000000000 	 0.001521885799 
29.000000000000 	 31.000000000000 	 0.001478862450 
29.000000000000 	 32.000000000000 	 0.001430110745 
29.000000000000 	 33.000000000000 	 0.001375819796 
29.000000000000 	 34.000000000000 	 0.001316200130 
29.000000000000 	 35.000000000000 	 0.001251482868 
29.000000000000 	 36.000000000000 	 0.001181918833 
29.000000000000 	 37.000000000000 	 0.001107777571 
29.000000000000 	 38.000000000000 	 0.001029346314 
29.000000000000 	 39.000000000000 	 0.000946928865 

30.000000000000 	 1.000000000000 	 0.000252911576 
30.000000000000 	 2.000000000000 	 0.000346772206 
30.000000000000 	 3.000000000000 	 0.000439287489 
30.000000000000 	 4.000000000000 	 0.000530098530 
30.000000000000 	 5.000000000000 	 0.000618853068 
30.000000000000 	 6.000000000000 	 0.000705206845 
30.000000000000 	 7.000000000000 	 0.000788824952 
30.000000000000 	 8.000000000000 	 0.000869383122 
30.000000000000 	 9.000000000000 	 0.000946568997 
30.000000000000 	 10.000000000000 	 0.001020083338 
30.000000000000 	 11.000000000000 	 0.001089641188 
30.000000000000 	 12.000000000000 	 0.001154972974 
30.000000000000 	 13.000000000000 	 0.001215825557 
30.000000000000 	 14.000000000000 	 0.001271963207 
30.000000000000 	 15.000000000000 	 0.001323168518 
30.000000000000 	 16.000000000000 	 0.001369243249 
30.000000000000 	 17.000000000000 	 0.001410009081 
30.000000000000 	 18.000000000000 	 0.001445308317 
30.000000000000 	 19.000000000000 	 0.001475004474 
30.000000000000 	 20.000000000000 	 0.001498982819 
30.000000000000 	 21.000000000000 	 0.001517150798 
30.000000000000 	 22.000000000000 	 0.001529438396 
30.000000000000 	 23.000000000000 	 0.001535798395 
30.000000000000 	 24.000000000000 	 0.001536206555 
30.000000000000 	 25.000000000000 	 0.001530661700 
30.000000000000 	 26.000000000000 	 0.001519185714 
30.000000000000 	 27.000000000000 	 0.001501823451 
30.000000000000 	 28.000000000000 	 0.001478642554 
30.000000000000 	 29.000000000000 	 0.001449733188 
30.000000000000 	 30.000000000000 	 0.001415207685 
30.000000000000 	 31.000000000000 	 0.001375200100 
30.000000000000 	 32.000000000000 	 0.001329865695 
30.000000000000 	 33.000000000000 	 0.001279380325 
30.000000000000 	 34.000000000000 	 0.001223939759 
30.000000000000 	 35.000000000000 	 0.001163758919 
30.000000000000 	 36.000000000000 	 0.001099071044 
30.000000000000 	 37.000000000000 	 0.001030126789 
30.000000000000 	 38.000000000000 	 0.000957193250 
30.000000000000 	 39.000000000000 	 0.000880552934 

31.000000000000 	 1.000000000000 	 0.000232288042 
31.000000000000 	 2.000000000000 	 0.000318494858 
31.000000000000 	 3.000000000000 	 0.000403466034 
31.000000000000 	 4.000000000000 	 0.000486871939 
31.000000000000 	 5.000000000000 	 0.000568389037 
31.000000000000 	 6.000000000000 	 0.000647701143 
31.000000000000 	 7.000000000000 	 0.000724500658 
31.000000000000 	 8.000000000000 	 0.000798489757 
31.000000000000 	 9.000000000000 	 0.000869381552 
31.000000000000 	 10.000000000000 	 0.000936901207 
31.000000000000 	 11.000000000000 	 0.001000787000 
31.000000000000 	 12.000000000000 	 0.001060791342 
31.000000000000 	 13.000000000000 	 0.001116681734 
31.000000000000 	 14.000000000000 	 0.001168241671 
31.000000000000 	 15.000000000000 	 0.001215271474 
31.000000000000 	 16.000000000000 	 0.001257589065 
31.000000000000 	 17.000000000000 	 0.001295030671 
31.000000000000 	 18.000000000000 	 0.001327451450 
31.000000000000 	 19.000000000000 	 0.001354726050 
31.000000000000 	 20.000000000000 	 0.001376749094 
31.000000000000 	 21.000000000000 	 0.001393435576 
31.000000000000 	 22.000000000000 	 0.001404721188 
31.000000000000 	 23.000000000000 	 0.001410562565 
31.000000000000 	 24.000000000000 	 0.001410937442 
31.000000000000 	 25.000000000000 	 0.001405844739 
31.000000000000 	 26.000000000000 	 0.001395304556 
31.000000000000 	 27.000000000000 	 0.001379358089 
31.000000000000 	 28.000000000000 	 0.001358067465 
31.000000000000 	 29.000000000000 	 0.001331515498 
31.000000000000 	 30.000000000000 	 0.001299805357 
31.000000000000 	 31.000000000000 	 0.001263060169 
31.000000000000 	 32.000000000000 	 0.001221422533 
31.000000000000 	 33.000000000000 	 0.001175053964 
31.000000000000 	 34.000000000000 	 0.001124134268 
31.000000000000 	 35.000000000000 	 0.001068860842 
31.000000000000 	 36.000000000000 	 0.001009447904 
31.000000000000 	 37.000000000000 	 0.000946125670 
31.000000000000 	 38.000000000000 	 0.000879139456 
31.000000000000 	 39.000000000000 	 0.000808748732 

32.000000000000 	 1.000000000000 	 0.000210232553 
32.000000000000 	 2.000000000000 	 0.000288254129 
32.000000000000 	 3.000000000000 	 0.000365157387 
32.000000000000 	 4.000000000000 	 0.000440643995 
32.000000000000 	 5.000000000000 	 0.000514421136 
32.000000000000 	 6.000000000000 	 0.000586202647 
32.000000000000 	 7.000000000000 	 0.000655710134 
32.000000000000 	 8.000000000000 	 0.000722674051 
32.000000000000 	 9.000000000000 	 0.000786834750 
32.000000000000 	 10.000000000000 	 0.000847943489 
32.000000000000 	 11.000000000000 	 0.000905763398 
32.000000000000 	 12.000000000000 	 0.000960070395 
32.000000000000 	 13.000000000000 	 0.001010654057 
32.000000000000 	 14.000000000000 	 0.001057318436 
32.000000000000 	 15.000000000000 	 0.001099882812 
32.000000000000 	 16.000000000000 	 0.001138182396 
32.000000000000 	 17.000000000000 	 0.001172068963 
32.000000000000 	 18.000000000000 	 0.001201411425 
32.000000000000 	 19.000000000000 	 0.001226096333 
32.000000000000 	 20.000000000000 	 0.001246028313 
32.000000000000 	 21.000000000000 	 0.001261130432 
32.000000000000 	 22.000000000000 	 0.001271344488 
32.000000000000 	 23.000000000000 	 0.001276631233 
32.000000000000 	 24.000000000000 	 0.001276970516 
32.000000000000 	 25.000000000000 	 0.001272361359 
32.000000000000 	 26.000000000000 	 0.001262821955 
32.000000000000 	 27.000000000000 	 0.001248389587 
32.000000000000 	 28.000000000000 	 0.001229120484 
32.000000000000 	 29.000000000000 	 0.001205089596 
32.000000000000 	 30.000000000000 	 0.001176390298 
32.000000000000 	 31.000000000000 	 0.001143134024 
32.000000000000 	 32.000000000000 	 0.001105449834 
32.000000000000 	 33.000000000000 	 0.001063483909 
32.000000000000 	 34.000000000000 	 0.001017398982 
32.000000000000 	 35.000000000000 	 0.000967373705 
32.000000000000 	 36.000000000000 	 0.000913601959 
32.000000000000 	 37.000000000000 	 0.000856292100 
32.000000000000 	 38.000000000000 	 0.000795666151 
32.000000000000 	 39.000000000000 	 0.000731958948 

33.000000000000 	 1.000000000000 	 0.000186881083 
33.000000000000 	 2.000000000000 	 0.000256236453 
33.000000000000 	 3.000000000000 	 0.000324597722 
33.000000000000 	 4.000000000000 	 0.000391699695 
33.000000000000 	 5.000000000000 	 0.000457282079 
33.000000000000 	 6.000000000000 	 0.000521090497 
33.000000000000 	 7.000000000000 	 0.000582877476 
33.000000000000 	 8.000000000000 	 0.000642403411 
33.000000000000 	 9.000000000000 	 0.000699437494 
33.000000000000 	 10.000000000000 	 0.000753758612 
33.000000000000 	 11.000000000000 	 0.000805156205 
33.000000000000 	 12.000000000000 	 0.000853431081 
33.000000000000 	 13.000000000000 	 0.000898396190 
33.000000000000 	 14.000000000000 	 0.000939877347 
33.000000000000 	 15.000000000000 	 0.000977713907 
33.000000000000 	 16.000000000000 	 0.001011759385 
33.000000000000 	 17.000000000000 	 0.001041882019 
33.000000000000 	 18.000000000000 	 0.001067965283 
33.000000000000 	 19.000000000000 	 0.001089908328 
33.000000000000 	 20.000000000000 	 0.001107626374 
33.000000000000 	 21.000000000000 	 0.001121051033 
33.000000000000 	 22.000000000000 	 0.001130130568 
33.000000000000 	 23.000000000000 	 0.001134830090 
33.000000000000 	 24.000000000000 	 0.001135131688 
33.000000000000 	 25.000000000000 	 0.001131034491 
33.000000000000 	 26.000000000000 	 0.001122554670 
33.000000000000 	 27.000000000000 	 0.001109725370 
33.000000000000 	 28.000000000000 	 0.001092596573 
33.000000000000 	 29.000000000000 	 0.001071234903 
33.000000000000 	 30.000000000000 	 0.001045723364 
33.000000000000 	 31.000000000000 	 0.001016161014 
33.000000000000 	 32.000000000000 	 0.000982662576 
33.000000000000 	 33.000000000000 	 0.000945357994 
33.000000000000 	 34.000000000000 	 0.000904391925 
33.000000000000 	 35.000000000000 	 0.000859923180 
33.000000000000 	 36.000000000000 	 0.000812124102 
33.000000000000 	 37.000000000000 	 0.000761179905 
33.000000000000 	 38.000000000000 	 0.000707287952 
33.000000000000 	 39.000000000000 	 0.000650656993 

34.000000000000 	 1.000000000000 	 0.000162377590 
34.000000000000 	 2.000000000000 	 0.000222639216 
34.000000000000 	 3.000000000000 	 0.000282037085 
34.000000000000 	 4.000000000000 	 0.000340340774 
34.000000000000 	 5.000000000000 	 0.000397324120 
34.000000000000 	 6.000000000000 	 0.000452766100 
34.000000000000 	 7.000000000000 	 0.000506451687 
34.000000000000 	 8.000000000000 	 0.000558172695 
34.000000000000 	 9.000000000000 	 0.000607728577 
34.000000000000 	 10.000000000000 	 0.000654927214 
34.000000000000 	 11.000000000000 	 0.000699585651 
34.000000000000 	 12.000000000000 	 0.000741530817 
34.000000000000 	 13.000000000000 	 0.000780600186 
34.000000000000 	 14.000000000000 	 0.000816642413 
34.000000000000 	 15.000000000000 	 0.000849517915 
34.000000000000 	 16.000000000000 	 0.000879099414 
34.000000000000 	 17.000000000000 	 0.000905272426 
34.000000000000 	 18.000000000000 	 0.000927935702 
34.000000000000 	 19.000000000000 	 0.000947001616 
34.000000000000 	 20.000000000000 	 0.000962396506 
34.000000000000 	 21.000000000000 	 0.000974060949 
34.000000000000 	 22.000000000000 	 0.000981949993 
34.000000000000 	 23.000000000000 	 0.000986033322 
34.000000000000 	 24.000000000000 	 0.000986295375 
34.000000000000 	 25.000000000000 	 0.000982735395 
34.000000000000 	 26.000000000000 	 0.000975367432 
34.000000000000 	 27.000000000000 	 0.000964220286 
34.000000000000 	 28.000000000000 	 0.000949337384 
34.000000000000 	 29.000000000000 	 0.000930776616 
34.000000000000 	 30.000000000000 	 0.000908610101 
34.000000000000 	 31.000000000000 	 0.000882923910 
34.000000000000 	 32.000000000000 	 0.000853817724 
34.000000000000 	 33.000000000000 	 0.000821404448 
34.000000000000 	 34.000000000000 	 0.000785809772 
34.000000000000 	 35.000000000000 	 0.000747171684 
34.000000000000 	 36.000000000000 	 0.000705639931 
34.000000000000 	 37.000000000000 	 0.000661375441 
34.000000000000 	 38.000000000000 	 0.000614549698 
34.000000000000 	 39.000000000000 	 0.000565344083 

35.000000000000 	 1.000000000000 	 0.000136873132 
35.000000000000 	 2.000000000000 	 0.000187669534 
35.000000000000 	 3.000000000000 	 0.000237737850 
35.000000000000 	 4.000000000000 	 0.000286883847 
35.000000000000 	 5.000000000000 	 0.000334916885 
35.000000000000 	 6.000000000000 	 0.000381650657 
35.000000000000 	 7.000000000000 	 0.000426903913 
35.000000000000 	 8.000000000000 	 0.000470501162 
35.000000000000 	 9.000000000000 	 0.000512273360 
35.000000000000 	 10.000000000000 	 0.000552058561 
35.000000000000 	 11.000000000000 	 0.000589702551 
35.000000000000 	 12.000000000000 	 0.000625059438 
35.000000000000 	 13.000000000000 	 0.000657992227 
35.000000000000 	 14.000000000000 	 0.000688373343 
35.000000000000 	 15.000000000000 	 0.000716085129 
35.000000000000 	 16.000000000000 	 0.000741020297 
35.000000000000 	 17.000000000000 	 0.000763082344 
35.000000000000 	 18.000000000000 	 0.000782185925 
35.000000000000 	 19.000000000000 	 0.000798257179 
35.000000000000 	 20.000000000000 	 0.000811234011 
35.000000000000 	 21.000000000000 	 0.000821066334 
35.000000000000 	 22.000000000000 	 0.000827716255 
35.000000000000 	 23.000000000000 	 0.000831158221 
35.000000000000 	 24.000000000000 	 0.000831379113 
35.000000000000 	 25.000000000000 	 0.000828378295 
35.000000000000 	 26.000000000000 	 0.000822167610 
35.000000000000 	 27.000000000000 	 0.000812771332 
35.000000000000 	 28.000000000000 	 0.000800226070 
35.000000000000 	 29.000000000000 	 0.000784580620 
35.000000000000 	 30.000000000000 	 0.000765895775 
35.000000000000 	 31.000000000000 	 0.000744244083 
35.000000000000 	 32.000000000000 	 0.000719709572 
35.000000000000 	 33.000000000000 	 0.000692387411 
35.000000000000 	 34.000000000000 	 0.000662383550 
35.000000000000 	 35.000000000000 	 0.000629814301 
35.000000000000 	 36.000000000000 	 0.000594805892 
35.000000000000 	 37.000000000000 	 0.000557493973 
35.000000000000 	 38.000000000000 	 0.000518023095 
35.000000000000 	 39.000000000000 	 0.000476546149 

36.000000000000 	 1.000000000000 	 0.000110524933 
36.000000000000 	 2.000000000000 	 0.000151542983 
36.000000000000 	 3.000000000000 	 0.000191973104 
36.000000000000 	 4.000000000000 	 0.000231658453 
36.000000000000 	 5.000000000000 	 0.000270445089 
36.000000000000 	 6.000000000000 	 0.000308182569 
36.000000000000 	 7.000000000000 	 0.000344724532 
36.000000000000 	 8.000000000000 	 0.000379929273 
36.000000000000 	 9.000000000000 	 0.000413660286 
36.000000000000 	 10.000000000000 	 0.000445786801 
36.000000000000 	 11.000000000000 	 0.000476184289 
36.000000000000 	 12.000000000000 	 0.000504734945 
36.000000000000 	 13.000000000000 	 0.000531328142 
36.000000000000 	 14.000000000000 	 0.000555860867 
36.000000000000 	 15.000000000000 	 0.000578238109 
36.000000000000 	 16.000000000000 	 0.000598373235 
36.000000000000 	 17.000000000000 	 0.000616188319 
36.000000000000 	 18.000000000000 	 0.000631614444 
36.000000000000 	 19.000000000000 	 0.000644591967 
36.000000000000 	 20.000000000000 	 0.000655070748 
36.000000000000 	 21.000000000000 	 0.000663010340 
36.000000000000 	 22.000000000000 	 0.000668380145 
36.000000000000 	 23.000000000000 	 0.000671159529 
36.000000000000 	 24.000000000000 	 0.000671337900 
36.000000000000 	 25.000000000000 	 0.000668914742 
36.000000000000 	 26.000000000000 	 0.000663899619 
36.000000000000 	 27.000000000000 	 0.000656312133 
36.000000000000 	 28.000000000000 	 0.000646181845 
36.000000000000 	 29.000000000000 	 0.000633548158 
36.000000000000 	 30.000000000000 	 0.000618460162 
36.000000000000 	 31.000000000000 	 0.000600976440 
36.000000000000 	 32.000000000000 	 0.000581164844 
36.000000000000 	 33.000000000000 	 0.000559102223 
36.000000000000 	 34.000000000000 	 0.000534874132 
36.000000000000 	 35.000000000000 	 0.000508574492 
36.000000000000 	 36.000000000000 	 0.000480305232 
36.000000000000 	 37.000000000000 	 0.000450175891 
36.000000000000 	 38.000000000000 	 0.000418303192 
36.000000000000 	 39.000000000000 	 0.000384810594 

37.000000000000 	 1.000000000000 	 0.000083495418 
37.000000000000 	 2.000000000000 	 0.000114482265 
37.000000000000 	 3.000000000000 	 0.000145024965 
37.000000000000 	 4.000000000000 	 0.000175005031 
37.000000000000 	 5.000000000000 	 0.000204306169 
37.000000000000 	 6.000000000000 	 0.000232814729 
37.000000000000 	 7.000000000000 	 0.000260420143 
37.000000000000 	 8.000000000000 	 0.000287015359 
37.000000000000 	 9.000000000000 	 0.000312497257 
37.000000000000 	 10.000000000000 	 0.000336767046 
37.000000000000 	 11.000000000000 	 0.000359730651 
37.000000000000 	 12.000000000000 	 0.000381299078 
37.000000000000 	 13.000000000000 	 0.000401388755 
37.000000000000 	 14.000000000000 	 0.000419921859 
37.000000000000 	 15.000000000000 	 0.000436826616 
37.000000000000 	 16.000000000000 	 0.000452037580 
37.000000000000 	 17.000000000000 	 0.000465495882 
37.000000000000 	 18.000000000000 	 0.000477149458 
37.000000000000 	 19.000000000000 	 0.000486953253 
37.000000000000 	 20.000000000000 	 0.000494869386 
37.000000000000 	 21.000000000000 	 0.000500867305 
37.000000000000 	 22.000000000000 	 0.000504923893 
37.000000000000 	 23.000000000000 	 0.000507023563 
37.000000000000 	 24.000000000000 	 0.000507158311 
37.000000000000 	 25.000000000000 	 0.000505327751 
37.000000000000 	 26.000000000000 	 0.000501539106 
37.000000000000 	 27.000000000000 	 0.000495807184 
37.000000000000 	 28.000000000000 	 0.000488154316 
37.000000000000 	 29.000000000000 	 0.000478610271 
37.000000000000 	 30.000000000000 	 0.000467212132 
37.000000000000 	 31.000000000000 	 0.000454004156 
37.000000000000 	 32.000000000000 	 0.000439037601 
37.000000000000 	 33.000000000000 	 0.000422370522 
37.000000000000 	 34.000000000000 	 0.000404067552 
37.000000000000 	 35.000000000000 	 0.000384199642 
37.000000000000 	 36.000000000000 	 0.000362843794 
37.000000000000 	 37.000000000000 	 0.000340082758 
37.000000000000 	 38.000000000000 	 0.000316004713 
37.000000000000 	 39.000000000000 	 0.000290702925 

38.000000000000 	 1.000000000000 	 0.000055951208 
38.000000000000 	 2.000000000000 	 0.000076715839 
38.000000000000 	 3.000000000000 	 0.000097182841 
38.000000000000 	 4.000000000000 	 0.000117272817 
38.000000000000 	 5.000000000000 	 0.000136907835 
38.000000000000 	 6.000000000000 	 0.000156011738 
38.000000000000 	 7.000000000000 	 0.000174510433 
38.000000000000 	 8.000000000000 	 0.000192332183 
38.000000000000 	 9.000000000000 	 0.000209407886 
38.000000000000 	 10.000000000000 	 0.000225671341 
38.000000000000 	 11.000000000000 	 0.000241059509 
38.000000000000 	 12.000000000000 	 0.000255512751 
38.000000000000 	 13.000000000000 	 0.000268975067 
38.000000000000 	 14.000000000000 	 0.000281394306 
38.000000000000 	 15.000000000000 	 0.000292722372 
38.000000000000 	 16.000000000000 	 0.000302915408 
38.000000000000 	 17.000000000000 	 0.000311933965 
38.000000000000 	 18.000000000000 	 0.000319743157 
38.000000000000 	 19.000000000000 	 0.000326312788 
38.000000000000 	 20.000000000000 	 0.000331617477 
38.000000000000 	 21.000000000000 	 0.000335636749 
38.000000000000 	 22.000000000000 	 0.000338355114 
38.000000000000 	 23.000000000000 	 0.000339762126 
38.000000000000 	 24.000000000000 	 0.000339852423 
38.000000000000 	 25.000000000000 	 0.000338625744 
38.000000000000 	 26.000000000000 	 0.000336086930 
38.000000000000 	 27.000000000000 	 0.000332245906 
38.000000000000 	 28.000000000000 	 0.000327117634 
38.000000000000 	 29.000000000000 	 0.000320722064 
38.000000000000 	 30.000000000000 	 0.000313084044 
38.000000000000 	 31.000000000000 	 0.000304233232 
38.000000000000 	 32.000000000000 	 0.000294203977 
38.000000000000 	 33.000000000000 	 0.000283035183 
38.000000000000 	 34.000000000000 	 0.000270770158 
38.000000000000 	 35.000000000000 	 0.000257456451 
38.000000000000 	 36.000000000000 	 0.000243145660 
38.000000000000 	 37.000000000000 	 0.000227893237 
38.000000000000 	 38.000000000000 	 0.000211758272 
38.000000000000 	 39.000000000000 	 0.000194803262 

39.000000000000 	 1.000000000000 	 0.000028062096 
39.000000000000 	 2.000000000000 	 0.000038476510 
39.000000000000 	 3.000000000000 	 0.000048741650 
39.000000000000 	 4.000000000000 	 0.000058817694 
39.000000000000 	 5.000000000000 	 0.000068665556 
39.000000000000 	 6.000000000000 	 0.000078247039 
39.000000000000 	 7.000000000000 	 0.000087524983 
39.000000000000 	 8.000000000000 	 0.000096463407 
39.000000000000 	 9.000000000000 	 0.000105027655 
39.000000000000 	 10.000000000000 	 0.000113184524 
39.000000000000 	 11.000000000000 	 0.000120902395 
39.000000000000 	 12.000000000000 	 0.000128151359 
39.000000000000 	 13.000000000000 	 0.000134903327 
39.000000000000 	 14.000000000000 	 0.000141132145 
39.000000000000 	 15.000000000000 	 0.000146813690 
39.000000000000 	 16.000000000000 	 0.000151925964 
39.000000000000 	 17.000000000000 	 0.000156449184 
39.000000000000 	 18.000000000000 	 0.000160365852 
39.000000000000 	 19.000000000000 	 0.000163660823 
39.000000000000 	 20.000000000000 	 0.000166321368 
39.000000000000 	 21.000000000000 	 0.000168337217 
39.000000000000 	 22.000000000000 	 0.000169700602 
39.000000000000 	 23.000000000000 	 0.000170406283 
39.000000000000 	 24.000000000000 	 0.000170451571 
39.000000000000 	 25.000000000000 	 0.000169836335 
39.000000000000 	 26.000000000000 	 0.000168563004 
39.000000000000 	 27.000000000000 	 0.000166636554 
39.000000000000 	 28.000000000000 	 0.000164064491 
39.000000000000 	 29.000000000000 	 0.000160856819 
39.000000000000 	 30.000000000000 	 0.000157026001 
39.000000000000 	 31.000000000000 	 0.000152586914 
39.000000000000 	 32.000000000000 	 0.000147556782 
39.000000000000 	 33.000000000000 	 0.000141955120 
39.000000000000 	 34.000000000000 	 0.000135803648 
39.000000000000 	 35.000000000000 	 0.000129126214 
39.000000000000 	 36.000000000000 	 0.000121948696 
39.000000000000 	 37.000000000000 	 0.000114298906 
39.000000000000 	 38.000000000000 	 0.000106206481 
39.000000000000 	 39.000000000000 	 0.000097702767 

