1.000000000000 	 1.000000000000 	 27.243013124399 
1.000000000000 	 2.000000000000 	 31.586039212990 
1.000000000000 	 3.000000000000 	 33.788528649360 
1.000000000000 	 4.000000000000 	 35.079018082868 
1.000000000000 	 5.000000000000 	 35.920135932352 
1.000000000000 	 6.000000000000 	 36.511221529865 
1.000000000000 	 7.000000000000 	 36.949282886331 
1.000000000000 	 8.000000000000 	 37.286580645763 
1.000000000000 	 9.000000000000 	 37.553650163816 
1.000000000000 	 10.000000000000 	 37.769507975031 
1.000000000000 	 11.000000000000 	 37.946606040339 
1.000000000000 	 12.000000000000 	 38.093428014451 
1.000000000000 	 13.000000000000 	 38.215939131997 
1.000000000000 	 14.000000000000 	 38.318439521782 
1.000000000000 	 15.000000000000 	 38.404088610124 
1.000000000000 	 16.000000000000 	 38.475239005151 
1.000000000000 	 17.000000000000 	 38.533655171341 
1.000000000000 	 18.000000000000 	 38.580659675335 
1.000000000000 	 19.000000000000 	 38.617232172539 
1.000000000000 	 20.000000000000 	 38.644076331145 
1.000000000000 	 21.000000000000 	 38.661663983715 
1.000000000000 	 22.000000000000 	 38.670262111374 
1.000000000000 	 23.000000000000 	 38.669945793861 
1.000000000000 	 24.000000000000 	 38.660598403239 
1.000000000000 	 25.000000000000 	 38.641898671941 
1.000000000000 	 26.000000000000 	 38.613292471355 
1.000000000000 	 27.000000000000 	 38.573944772581 
1.000000000000 	 28.000000000000 	 38.522663679416 
1.000000000000 	 29.000000000000 	 38.457782468931 
1.000000000000 	 30.000000000000 	 38.376974984356 
1.000000000000 	 31.000000000000 	 38.276959760154 
1.000000000000 	 32.000000000000 	 38.153008348011 
1.000000000000 	 33.000000000000 	 37.998088229313 
1.000000000000 	 34.000000000000 	 37.801275676605 
1.000000000000 	 35.000000000000 	 37.544588997584 
1.000000000000 	 36.000000000000 	 37.196074785450 
1.000000000000 	 37.000000000000 	 36.693050969045 
1.000000000000 	 38.000000000000 	 35.896577855178 
1.000000000000 	 39.000000000000 	 34.452608517190 

2.000000000000 	 1.000000000000 	 20.359130267057 
2.000000000000 	 2.000000000000 	 25.312615332133 
2.000000000000 	 3.000000000000 	 28.489057623265 
2.000000000000 	 4.000000000000 	 30.607408137945 
2.000000000000 	 5.000000000000 	 32.090304569855 
2.000000000000 	 6.000000000000 	 33.175467817199 
2.000000000000 	 7.000000000000 	 33.999329947357 
2.000000000000 	 8.000000000000 	 34.643390169569 
2.000000000000 	 9.000000000000 	 35.158512727666 
2.000000000000 	 10.000000000000 	 35.577776443014 
2.000000000000 	 11.000000000000 	 35.923488969869 
2.000000000000 	 12.000000000000 	 36.211167731321 
2.000000000000 	 13.000000000000 	 36.451889882190 
2.000000000000 	 14.000000000000 	 36.653731276575 
2.000000000000 	 15.000000000000 	 36.822676882648 
2.000000000000 	 16.000000000000 	 36.963213241988 
2.000000000000 	 17.000000000000 	 37.078723037604 
2.000000000000 	 18.000000000000 	 37.171752416063 
2.000000000000 	 19.000000000000 	 37.244193764053 
2.000000000000 	 20.000000000000 	 37.297410266286 
2.000000000000 	 21.000000000000 	 37.332318603633 
2.000000000000 	 22.000000000000 	 37.349439788233 
2.000000000000 	 23.000000000000 	 37.348923785829 
2.000000000000 	 24.000000000000 	 37.330550272472 
2.000000000000 	 25.000000000000 	 37.293704934449 
2.000000000000 	 26.000000000000 	 37.237327553793 
2.000000000000 	 27.000000000000 	 37.159824039747 
2.000000000000 	 28.000000000000 	 37.058928559387 
2.000000000000 	 29.000000000000 	 36.931492274028 
2.000000000000 	 30.000000000000 	 36.773158745136 
2.000000000000 	 31.000000000000 	 36.577856715753 
2.000000000000 	 32.000000000000 	 36.336986376882 
2.000000000000 	 33.000000000000 	 36.038069829967 
2.000000000000 	 34.000000000000 	 35.662426376245 
2.000000000000 	 35.000000000000 	 35.181006380924 
2.000000000000 	 36.000000000000 	 34.546659980422 
2.000000000000 	 37.000000000000 	 33.679551990298 
2.000000000000 	 38.000000000000 	 32.440652635791 
2.000000000000 	 39.000000000000 	 30.593303661297 

3.000000000000 	 1.000000000000 	 16.156436564046 
3.000000000000 	 2.000000000000 	 20.816234731523 
3.000000000000 	 3.000000000000 	 24.247679015004 
3.000000000000 	 4.000000000000 	 26.771253049765 
3.000000000000 	 5.000000000000 	 28.658207295494 
3.000000000000 	 6.000000000000 	 30.101016251381 
3.000000000000 	 7.000000000000 	 31.229180068092 
3.000000000000 	 8.000000000000 	 32.129138626890 
3.000000000000 	 9.000000000000 	 32.859235516386 
3.000000000000 	 10.000000000000 	 33.459597588970 
3.000000000000 	 11.000000000000 	 33.958407255874 
3.000000000000 	 12.000000000000 	 34.375865745270 
3.000000000000 	 13.000000000000 	 34.726723164249 
3.000000000000 	 14.000000000000 	 35.021920677067 
3.000000000000 	 15.000000000000 	 35.269676334102 
3.000000000000 	 16.000000000000 	 35.476216042067 
3.000000000000 	 17.000000000000 	 35.646273380112 
3.000000000000 	 18.000000000000 	 35.783435297940 
3.000000000000 	 19.000000000000 	 35.890382355412 
3.000000000000 	 20.000000000000 	 35.969054555465 
3.000000000000 	 21.000000000000 	 36.020762592029 
3.000000000000 	 22.000000000000 	 36.046256885819 
3.000000000000 	 23.000000000000 	 36.045761531806 
3.000000000000 	 24.000000000000 	 36.018976210069 
3.000000000000 	 25.000000000000 	 35.965045475233 
3.000000000000 	 26.000000000000 	 35.882490988548 
3.000000000000 	 27.000000000000 	 35.769097466834 
3.000000000000 	 28.000000000000 	 35.621736404148 
3.000000000000 	 29.000000000000 	 35.436101440257 
3.000000000000 	 30.000000000000 	 35.206313073610 
3.000000000000 	 31.000000000000 	 34.924323989638 
3.000000000000 	 32.000000000000 	 34.579012556400 
3.000000000000 	 33.000000000000 	 34.154780206309 
3.000000000000 	 34.000000000000 	 33.629355405403 
3.000000000000 	 35.000000000000 	 32.970351869468 
3.000000000000 	 36.000000000000 	 32.130008370560 
3.000000000000 	 37.000000000000 	 31.037845880773 
3.000000000000 	 38.000000000000 	 29.593178434692 
3.000000000000 	 39.000000000000 	 27.667860541013 

4.000000000000 	 1.000000000000 	 13.352608956118 
4.000000000000 	 2.000000000000 	 17.548208770457 
4.000000000000 	 3.000000000000 	 20.914171612589 
4.000000000000 	 4.000000000000 	 23.571718905611 
4.000000000000 	 5.000000000000 	 25.670256659361 
4.000000000000 	 6.000000000000 	 27.341211361290 
4.000000000000 	 7.000000000000 	 28.687237165505 
4.000000000000 	 8.000000000000 	 29.784750647824 
4.000000000000 	 9.000000000000 	 30.689695184540 
4.000000000000 	 10.000000000000 	 31.442973363344 
4.000000000000 	 11.000000000000 	 32.074679093724 
4.000000000000 	 12.000000000000 	 32.607167346373 
4.000000000000 	 13.000000000000 	 33.057219001851 
4.000000000000 	 14.000000000000 	 33.437554705101 
4.000000000000 	 15.000000000000 	 33.757894618021 
4.000000000000 	 16.000000000000 	 34.025704195923 
4.000000000000 	 17.000000000000 	 34.246722215589 
4.000000000000 	 18.000000000000 	 34.425336189915 
4.000000000000 	 19.000000000000 	 34.564849018714 
4.000000000000 	 20.000000000000 	 34.667666274980 
4.000000000000 	 21.000000000000 	 34.735423629710 
4.000000000000 	 22.000000000000 	 34.769066964567 
4.000000000000 	 23.000000000000 	 34.768892592793 
4.000000000000 	 24.000000000000 	 34.734550909012 
4.000000000000 	 25.000000000000 	 34.665013104093 
4.000000000000 	 26.000000000000 	 34.558496769611 
4.000000000000 	 27.000000000000 	 34.412341708390 
4.000000000000 	 28.000000000000 	 34.222821373143 
4.000000000000 	 29.000000000000 	 33.984867169312 
4.000000000000 	 30.000000000000 	 33.691671204273 
4.000000000000 	 31.000000000000 	 33.334116610492 
4.000000000000 	 32.000000000000 	 32.899962551696 
4.000000000000 	 33.000000000000 	 32.372685822379 
4.000000000000 	 34.000000000000 	 31.729865837679 
4.000000000000 	 35.000000000000 	 30.941039857911 
4.000000000000 	 36.000000000000 	 29.965178147510 
4.000000000000 	 37.000000000000 	 28.748646973196 
4.000000000000 	 38.000000000000 	 27.226356767861 
4.000000000000 	 39.000000000000 	 25.332361495832 

5.000000000000 	 1.000000000000 	 11.360410621824 
5.000000000000 	 2.000000000000 	 15.109820781734 
5.000000000000 	 3.000000000000 	 18.289081026254 
5.000000000000 	 4.000000000000 	 20.931195829619 
5.000000000000 	 5.000000000000 	 23.109890859939 
5.000000000000 	 6.000000000000 	 24.906337402883 
5.000000000000 	 7.000000000000 	 26.393808859978 
5.000000000000 	 8.000000000000 	 27.632934121907 
5.000000000000 	 9.000000000000 	 28.671823940812 
5.000000000000 	 10.000000000000 	 29.547924528428 
5.000000000000 	 11.000000000000 	 30.290171552270 
5.000000000000 	 12.000000000000 	 30.920908876109 
5.000000000000 	 13.000000000000 	 31.457434298729 
5.000000000000 	 14.000000000000 	 31.913188192506 
5.000000000000 	 15.000000000000 	 32.298647053777 
5.000000000000 	 16.000000000000 	 32.621987857815 
5.000000000000 	 17.000000000000 	 32.889579163879 
5.000000000000 	 18.000000000000 	 33.106342396802 
5.000000000000 	 19.000000000000 	 33.276015509687 
5.000000000000 	 20.000000000000 	 33.401342220430 
5.000000000000 	 21.000000000000 	 33.484203064168 
5.000000000000 	 22.000000000000 	 33.525699162387 
5.000000000000 	 23.000000000000 	 33.526195396671 
5.000000000000 	 24.000000000000 	 33.485326161240 
5.000000000000 	 25.000000000000 	 33.401963678757 
5.000000000000 	 26.000000000000 	 33.274145660629 
5.000000000000 	 27.000000000000 	 33.098955557175 
5.000000000000 	 28.000000000000 	 32.872344477121 
5.000000000000 	 29.000000000000 	 32.588878842632 
5.000000000000 	 30.000000000000 	 32.241392047183 
5.000000000000 	 31.000000000000 	 31.820512664492 
5.000000000000 	 32.000000000000 	 31.314039054886 
5.000000000000 	 33.000000000000 	 30.706138385577 
5.000000000000 	 34.000000000000 	 29.976385796834 
5.000000000000 	 35.000000000000 	 29.098766935174 
5.000000000000 	 36.000000000000 	 28.041020559924 
5.000000000000 	 37.000000000000 	 26.765210069261 
5.000000000000 	 38.000000000000 	 25.231242929899 
5.000000000000 	 39.000000000000 	 23.405811673808 

6.000000000000 	 1.000000000000 	 9.878957014121 
6.000000000000 	 2.000000000000 	 13.241583946960 
6.000000000000 	 3.000000000000 	 16.201137450074 
6.000000000000 	 4.000000000000 	 18.754094420038 
6.000000000000 	 5.000000000000 	 20.931775758279 
6.000000000000 	 6.000000000000 	 22.780441049169 
6.000000000000 	 7.000000000000 	 24.348729567160 
6.000000000000 	 8.000000000000 	 25.681356144331 
6.000000000000 	 9.000000000000 	 26.816745309434 
6.000000000000 	 10.000000000000 	 27.786732900984 
6.000000000000 	 11.000000000000 	 28.617177603032 
6.000000000000 	 12.000000000000 	 29.328866432713 
6.000000000000 	 13.000000000000 	 29.938425467540 
6.000000000000 	 14.000000000000 	 30.459121256122 
6.000000000000 	 15.000000000000 	 30.901522273470 
6.000000000000 	 16.000000000000 	 31.274025909070 
6.000000000000 	 17.000000000000 	 31.583269222429 
6.000000000000 	 18.000000000000 	 31.834443887050 
6.000000000000 	 19.000000000000 	 32.031533672324 
6.000000000000 	 20.000000000000 	 32.177489388176 
6.000000000000 	 21.000000000000 	 32.274352664455 
6.000000000000 	 22.000000000000 	 32.323336688467 
6.000000000000 	 23.000000000000 	 32.324869157423 
6.000000000000 	 24.000000000000 	 32.278600149247 
6.000000000000 	 25.000000000000 	 32.183375258093 
6.000000000000 	 26.000000000000 	 32.037172065098 
6.000000000000 	 27.000000000000 	 31.836995748755 
6.000000000000 	 28.000000000000 	 31.578727418996 
6.000000000000 	 29.000000000000 	 31.256916857168 
6.000000000000 	 30.000000000000 	 30.864510534308 
6.000000000000 	 31.000000000000 	 30.392507859497 
6.000000000000 	 32.000000000000 	 29.829547369942 
6.000000000000 	 33.000000000000 	 29.161447440028 
6.000000000000 	 34.000000000000 	 28.370776402664 
6.000000000000 	 35.000000000000 	 27.436625684774 
6.000000000000 	 36.000000000000 	 26.334931015367 
6.000000000000 	 37.000000000000 	 25.039933495292 
6.000000000000 	 38.000000000000 	 23.527596629311 
6.000000000000 	 39.000000000000 	 21.781634803719 

7.000000000000 	 1.000000000000 	 8.739486425508 
7.000000000000 	 2.000000000000 	 11.776422011256 
7.000000000000 	 3.000000000000 	 14.519792268406 
7.000000000000 	 4.000000000000 	 16.952270888340 
7.000000000000 	 5.000000000000 	 19.082679326230 
7.000000000000 	 6.000000000000 	 20.934924456547 
7.000000000000 	 7.000000000000 	 22.539315557710 
7.000000000000 	 8.000000000000 	 23.927019262769 
7.000000000000 	 9.000000000000 	 25.127072262675 
7.000000000000 	 10.000000000000 	 26.165088485688 
7.000000000000 	 11.000000000000 	 27.062944143631 
7.000000000000 	 12.000000000000 	 27.838958678570 
7.000000000000 	 13.000000000000 	 28.508285034954 
7.000000000000 	 14.000000000000 	 29.083354481325 
7.000000000000 	 15.000000000000 	 29.574300482365 
7.000000000000 	 16.000000000000 	 29.989330085390 
7.000000000000 	 17.000000000000 	 30.335033905424 
7.000000000000 	 18.000000000000 	 30.616636382074 
7.000000000000 	 19.000000000000 	 30.838192155792 
7.000000000000 	 20.000000000000 	 31.002735348663 
7.000000000000 	 21.000000000000 	 31.112387947311 
7.000000000000 	 22.000000000000 	 31.168432252117 
7.000000000000 	 23.000000000000 	 31.171350904912 
7.000000000000 	 24.000000000000 	 31.120836531698 
7.000000000000 	 25.000000000000 	 31.015771627363 
7.000000000000 	 26.000000000000 	 30.854178032491 
7.000000000000 	 27.000000000000 	 30.633134319852 
7.000000000000 	 28.000000000000 	 30.348658860894 
7.000000000000 	 29.000000000000 	 29.995556778250 
7.000000000000 	 30.000000000000 	 29.567231372643 
7.000000000000 	 31.000000000000 	 29.055466699001 
7.000000000000 	 32.000000000000 	 28.450200763010 
7.000000000000 	 33.000000000000 	 27.739333025635 
7.000000000000 	 34.000000000000 	 26.908651877761 
7.000000000000 	 35.000000000000 	 25.942033319552 
7.000000000000 	 36.000000000000 	 24.822148980945 
7.000000000000 	 37.000000000000 	 23.532000634437 
7.000000000000 	 38.000000000000 	 22.057579346365 
7.000000000000 	 39.000000000000 	 20.391648459683 

8.000000000000 	 1.000000000000 	 7.840388894059 
8.000000000000 	 2.000000000000 	 10.604827095224 
8.000000000000 	 3.000000000000 	 13.149340866196 
8.000000000000 	 4.000000000000 	 15.452520123801 
8.000000000000 	 5.000000000000 	 17.511749219716 
8.000000000000 	 6.000000000000 	 19.337265332198 
8.000000000000 	 7.000000000000 	 20.946592791306 
8.000000000000 	 8.000000000000 	 22.360337326219 
8.000000000000 	 9.000000000000 	 23.599440609155 
8.000000000000 	 10.000000000000 	 24.683609610400 
8.000000000000 	 11.000000000000 	 25.630557121488 
8.000000000000 	 12.000000000000 	 26.455744735953 
8.000000000000 	 13.000000000000 	 27.172407442242 
8.000000000000 	 14.000000000000 	 27.791717355624 
8.000000000000 	 15.000000000000 	 28.323001542903 
8.000000000000 	 16.000000000000 	 28.773966723183 
8.000000000000 	 17.000000000000 	 29.150906809254 
8.000000000000 	 18.000000000000 	 29.458882629797 
8.000000000000 	 19.000000000000 	 29.701870414870 
8.000000000000 	 20.000000000000 	 29.882879215244 
8.000000000000 	 21.000000000000 	 30.004038924657 
8.000000000000 	 22.000000000000 	 30.066660928515 
8.000000000000 	 23.000000000000 	 30.071273170328 
8.000000000000 	 24.000000000000 	 30.017630939330 
8.000000000000 	 25.000000000000 	 29.904704154329 
8.000000000000 	 26.000000000000 	 29.730641528970 
8.000000000000 	 27.000000000000 	 29.492711964024 
8.000000000000 	 28.000000000000 	 29.187224140276 
8.000000000000 	 29.000000000000 	 28.809427095180 
8.000000000000 	 30.000000000000 	 28.353398383573 
8.000000000000 	 31.000000000000 	 27.811933510330 
8.000000000000 	 32.000000000000 	 27.176462445849 
8.000000000000 	 33.000000000000 	 26.437038263896 
8.000000000000 	 34.000000000000 	 25.582470734925 
8.000000000000 	 35.000000000000 	 24.600712412888 
8.000000000000 	 36.000000000000 	 23.479636317014 
8.000000000000 	 37.000000000000 	 22.208345741380 
8.000000000000 	 38.000000000000 	 20.779076332423 
8.000000000000 	 39.000000000000 	 19.189521749031 

9.000000000000 	 1.000000000000 	 7.117000384173 
9.000000000000 	 2.000000000000 	 9.653158511756 
9.000000000000 	 3.000000000000 	 12.020226387274 
9.000000000000 	 4.000000000000 	 14.196722429076 
9.000000000000 	 5.000000000000 	 16.174535491696 
9.000000000000 	 6.000000000000 	 17.955798730060 
9.000000000000 	 7.000000000000 	 19.549457276720 
9.000000000000 	 8.000000000000 	 20.968301411281 
9.000000000000 	 9.000000000000 	 22.226748430487 
9.000000000000 	 10.000000000000 	 23.339357821834 
9.000000000000 	 11.000000000000 	 24.319935974241 
9.000000000000 	 12.000000000000 	 25.181062038330 
9.000000000000 	 13.000000000000 	 25.933889313237 
9.000000000000 	 14.000000000000 	 26.588112934959 
9.000000000000 	 15.000000000000 	 27.152028870458 
9.000000000000 	 16.000000000000 	 27.632635968150 
9.000000000000 	 17.000000000000 	 28.035751715408 
9.000000000000 	 18.000000000000 	 28.366124843632 
9.000000000000 	 19.000000000000 	 28.627535752402 
9.000000000000 	 20.000000000000 	 28.822880398285 
9.000000000000 	 21.000000000000 	 28.954235932922 
9.000000000000 	 22.000000000000 	 29.022907759923 
9.000000000000 	 23.000000000000 	 29.029458336592 
9.000000000000 	 24.000000000000 	 28.973718331415 
9.000000000000 	 25.000000000000 	 28.854780921839 
9.000000000000 	 26.000000000000 	 28.670980302406 
9.000000000000 	 27.000000000000 	 28.419856109242 
9.000000000000 	 28.000000000000 	 28.098106756177 
9.000000000000 	 29.000000000000 	 27.701537035270 
9.000000000000 	 30.000000000000 	 27.225009323429 
9.000000000000 	 31.000000000000 	 26.662414060726 
9.000000000000 	 32.000000000000 	 26.006684545280 
9.000000000000 	 33.000000000000 	 25.249893871293 
9.000000000000 	 34.000000000000 	 24.383487103059 
9.000000000000 	 35.000000000000 	 23.398715667715 
9.000000000000 	 36.000000000000 	 22.287344165490 
9.000000000000 	 37.000000000000 	 21.042675335909 
9.000000000000 	 38.000000000000 	 19.660863746882 
9.000000000000 	 39.000000000000 	 18.142347265478 

10.000000000000 	 1.000000000000 	 6.526330423776 
10.000000000000 	 2.000000000000 	 8.870582282299 
10.000000000000 	 3.000000000000 	 11.081686404805 
10.000000000000 	 4.000000000000 	 13.139610926739 
10.000000000000 	 5.000000000000 	 15.033875339158 
10.000000000000 	 6.000000000000 	 16.761941094334 
10.000000000000 	 7.000000000000 	 18.327140955854 
10.000000000000 	 8.000000000000 	 19.736667881699 
10.000000000000 	 9.000000000000 	 20.999899617638 
10.000000000000 	 10.000000000000 	 22.127143455892 
10.000000000000 	 11.000000000000 	 23.128773520750 
10.000000000000 	 12.000000000000 	 24.014685131483 
10.000000000000 	 13.000000000000 	 24.793982208032 
10.000000000000 	 14.000000000000 	 25.474823911590 
10.000000000000 	 15.000000000000 	 26.064373057463 
10.000000000000 	 16.000000000000 	 26.568804864676 
10.000000000000 	 17.000000000000 	 26.993347789037 
10.000000000000 	 18.000000000000 	 27.342338039544 
10.000000000000 	 19.000000000000 	 27.619276295666 
10.000000000000 	 20.000000000000 	 27.826879780983 
10.000000000000 	 21.000000000000 	 27.967125847577 
10.000000000000 	 22.000000000000 	 28.041285115110 
10.000000000000 	 23.000000000000 	 28.049943396900 
10.000000000000 	 24.000000000000 	 27.993012442761 
10.000000000000 	 25.000000000000 	 27.869730180634 
10.000000000000 	 26.000000000000 	 27.678651861590 
10.000000000000 	 27.000000000000 	 27.417634521274 
10.000000000000 	 28.000000000000 	 27.083818706427 
10.000000000000 	 29.000000000000 	 26.673613757652 
10.000000000000 	 30.000000000000 	 26.182696396282 
10.000000000000 	 31.000000000000 	 25.606037203515 
10.000000000000 	 32.000000000000 	 24.937975868098 
10.000000000000 	 33.000000000000 	 24.172373331725 
10.000000000000 	 34.000000000000 	 23.302875560961 
10.000000000000 	 35.000000000000 	 22.323326047186 
10.000000000000 	 36.000000000000 	 21.228356006838 
10.000000000000 	 37.000000000000 	 20.014153937320 
10.000000000000 	 38.000000000000 	 18.679361858863 
10.000000000000 	 39.000000000000 	 17.225965937735 

11.000000000000 	 1.000000000000 	 6.038784182884 
11.000000000000 	 2.000000000000 	 8.221156077418 
11.000000000000 	 3.000000000000 	 10.296328922045 
11.000000000000 	 4.000000000000 	 12.246163032399 
11.000000000000 	 5.000000000000 	 14.059417928126 
11.000000000000 	 6.000000000000 	 15.730954006484 
11.000000000000 	 7.000000000000 	 17.260502776801 
11.000000000000 	 8.000000000000 	 18.651335279904 
11.000000000000 	 9.000000000000 	 19.909044949858 
11.000000000000 	 10.000000000000 	 21.040549596021 
11.000000000000 	 11.000000000000 	 22.053336713259 
11.000000000000 	 12.000000000000 	 22.954930382022 
11.000000000000 	 13.000000000000 	 23.752538500806 
11.000000000000 	 14.000000000000 	 24.452835841573 
11.000000000000 	 15.000000000000 	 25.061843316943 
11.000000000000 	 16.000000000000 	 25.584871682166 
11.000000000000 	 17.000000000000 	 26.026505843899 
11.000000000000 	 18.000000000000 	 26.390612770419 
11.000000000000 	 19.000000000000 	 26.680361346538 
11.000000000000 	 20.000000000000 	 26.898246477693 
11.000000000000 	 21.000000000000 	 27.046112576721 
11.000000000000 	 22.000000000000 	 27.125173552791 
11.000000000000 	 23.000000000000 	 27.136027832084 
11.000000000000 	 24.000000000000 	 27.078668003942 
11.000000000000 	 25.000000000000 	 26.952485601789 
11.000000000000 	 26.000000000000 	 26.756272471920 
11.000000000000 	 27.000000000000 	 26.488221323270 
11.000000000000 	 28.000000000000 	 26.145929553171 
11.000000000000 	 29.000000000000 	 25.726412464492 
11.000000000000 	 30.000000000000 	 25.226134644595 
11.000000000000 	 31.000000000000 	 24.641071569010 
11.000000000000 	 32.000000000000 	 23.966817172724 
11.000000000000 	 33.000000000000 	 23.198756474168 
11.000000000000 	 34.000000000000 	 22.332323843525 
11.000000000000 	 35.000000000000 	 21.363364637590 
11.000000000000 	 36.000000000000 	 20.288607134645 
11.000000000000 	 37.000000000000 	 19.106229349759 
11.000000000000 	 38.000000000000 	 17.816470134045 
11.000000000000 	 39.000000000000 	 16.422191406771 

12.000000000000 	 1.000000000000 	 5.633411910961 
12.000000000000 	 2.000000000000 	 7.678931383506 
12.000000000000 	 3.000000000000 	 9.636313291221 
12.000000000000 	 4.000000000000 	 11.489298114867 
12.000000000000 	 5.000000000000 	 13.226683726584 
12.000000000000 	 6.000000000000 	 14.841959231712 
12.000000000000 	 7.000000000000 	 16.332586463522 
12.000000000000 	 8.000000000000 	 17.699131681636 
12.000000000000 	 9.000000000000 	 18.944402024160 
12.000000000000 	 10.000000000000 	 20.072680505235 
12.000000000000 	 11.000000000000 	 21.089101088218 
12.000000000000 	 12.000000000000 	 21.999169380353 
12.000000000000 	 13.000000000000 	 22.808414201479 
12.000000000000 	 14.000000000000 	 23.522146665457 
12.000000000000 	 15.000000000000 	 24.145302078706 
12.000000000000 	 16.000000000000 	 24.682342422518 
12.000000000000 	 17.000000000000 	 25.137201142910 
12.000000000000 	 18.000000000000 	 25.513256111409 
12.000000000000 	 19.000000000000 	 25.813320313100 
12.000000000000 	 20.000000000000 	 26.039642847692 
12.000000000000 	 21.000000000000 	 26.193915199181 
12.000000000000 	 22.000000000000 	 26.277279545060 
12.000000000000 	 23.000000000000 	 26.290337277888 
12.000000000000 	 24.000000000000 	 26.233157045436 
12.000000000000 	 25.000000000000 	 26.105282617812 
12.000000000000 	 26.000000000000 	 25.905741886922 
12.000000000000 	 27.000000000000 	 25.633059409536 
12.000000000000 	 28.000000000000 	 25.285276216928 
12.000000000000 	 29.000000000000 	 24.859982195908 
12.000000000000 	 30.000000000000 	 24.354368196986 
12.000000000000 	 31.000000000000 	 23.765307019681 
12.000000000000 	 32.000000000000 	 23.089474222344 
12.000000000000 	 33.000000000000 	 22.323520633071 
12.000000000000 	 34.000000000000 	 21.464307392198 
12.000000000000 	 35.000000000000 	 20.509209788583 
12.000000000000 	 36.000000000000 	 19.456486348711 
12.000000000000 	 37.000000000000 	 18.305693507832 
12.000000000000 	 38.000000000000 	 17.058104717739 
12.000000000000 	 39.000000000000 	 15.717070892807 

13.000000000000 	 1.000000000000 	 5.295051542771 
13.000000000000 	 2.000000000000 	 7.224846872817 
13.000000000000 	 3.000000000000 	 9.080698061434 
13.000000000000 	 4.000000000000 	 10.848036411957 
13.000000000000 	 5.000000000000 	 12.516064304532 
13.000000000000 	 6.000000000000 	 14.077618055255 
13.000000000000 	 7.000000000000 	 15.528758120401 
13.000000000000 	 8.000000000000 	 16.868209523798 
13.000000000000 	 9.000000000000 	 18.096758107684 
13.000000000000 	 10.000000000000 	 19.216677015551 
13.000000000000 	 11.000000000000 	 20.231225982414 
13.000000000000 	 12.000000000000 	 21.144240571572 
13.000000000000 	 13.000000000000 	 21.959811440871 
13.000000000000 	 14.000000000000 	 22.682044145748 
13.000000000000 	 15.000000000000 	 23.314885902460 
13.000000000000 	 16.000000000000 	 23.862005126999 
13.000000000000 	 17.000000000000 	 24.326710842601 
13.000000000000 	 18.000000000000 	 24.711901134800 
13.000000000000 	 19.000000000000 	 25.020032086858 
13.000000000000 	 20.000000000000 	 25.253100722222 
13.000000000000 	 21.000000000000 	 25.412637286130 
13.000000000000 	 22.000000000000 	 25.499703702305 
13.000000000000 	 23.000000000000 	 25.514896289170 
13.000000000000 	 24.000000000000 	 25.458351885620 
13.000000000000 	 25.000000000000 	 25.329757498969 
13.000000000000 	 26.000000000000 	 25.128364523825 
13.000000000000 	 27.000000000000 	 24.853009555498 
13.000000000000 	 28.000000000000 	 24.502144878670 
13.000000000000 	 29.000000000000 	 24.073882856615 
13.000000000000 	 30.000000000000 	 23.566059618516 
13.000000000000 	 31.000000000000 	 22.976324479081 
13.000000000000 	 32.000000000000 	 22.302262110275 
13.000000000000 	 33.000000000000 	 21.541554108689 
13.000000000000 	 34.000000000000 	 20.692184550015 
13.000000000000 	 35.000000000000 	 19.752689567685 
13.000000000000 	 36.000000000000 	 18.722443267011 
13.000000000000 	 37.000000000000 	 17.601961397546 
13.000000000000 	 38.000000000000 	 16.393191567736 
13.000000000000 	 39.000000000000 	 15.099747833005 

14.000000000000 	 1.000000000000 	 5.012542185714 
14.000000000000 	 2.000000000000 	 6.844709263135 
14.000000000000 	 3.000000000000 	 8.613599165566 
14.000000000000 	 4.000000000000 	 10.306089385513 
14.000000000000 	 5.000000000000 	 11.911923949201 
14.000000000000 	 6.000000000000 	 13.423696176505 
14.000000000000 	 7.000000000000 	 14.836624716670 
14.000000000000 	 8.000000000000 	 16.148197104294 
14.000000000000 	 9.000000000000 	 17.357751400418 
14.000000000000 	 10.000000000000 	 18.466051585235 
14.000000000000 	 11.000000000000 	 19.474893926389 
14.000000000000 	 12.000000000000 	 20.386764674825 
14.000000000000 	 13.000000000000 	 21.204556521338 
14.000000000000 	 14.000000000000 	 21.931342697828 
14.000000000000 	 15.000000000000 	 22.570202789754 
14.000000000000 	 16.000000000000 	 23.124092238710 
14.000000000000 	 17.000000000000 	 23.595747188673 
14.000000000000 	 18.000000000000 	 23.987617002506 
14.000000000000 	 19.000000000000 	 24.301817918095 
14.000000000000 	 20.000000000000 	 24.540102600099 
14.000000000000 	 21.000000000000 	 24.703841597568 
14.000000000000 	 22.000000000000 	 24.794013863680 
14.000000000000 	 23.000000000000 	 24.811204516566 
14.000000000000 	 24.000000000000 	 24.755608938097 
14.000000000000 	 25.000000000000 	 24.627043153914 
14.000000000000 	 26.000000000000 	 24.424961248086 
14.000000000000 	 27.000000000000 	 24.148481366140 
14.000000000000 	 28.000000000000 	 23.796422657492 
14.000000000000 	 29.000000000000 	 23.367356275264 
14.000000000000 	 30.000000000000 	 22.859674208598 
14.000000000000 	 31.000000000000 	 22.271680116722 
14.000000000000 	 32.000000000000 	 21.601706219071 
14.000000000000 	 33.000000000000 	 20.848259327665 
14.000000000000 	 34.000000000000 	 20.010196876468 
14.000000000000 	 35.000000000000 	 19.086929931047 
14.000000000000 	 36.000000000000 	 18.078644505052 
14.000000000000 	 37.000000000000 	 16.986525449669 
14.000000000000 	 38.000000000000 	 15.812959944046 
14.000000000000 	 39.000000000000 	 14.561692398111 

15.000000000000 	 1.000000000000 	 4.777571174081 
15.000000000000 	 2.000000000000 	 6.527851712196 
15.000000000000 	 3.000000000000 	 8.222903605308 
15.000000000000 	 4.000000000000 	 9.850802423669 
15.000000000000 	 5.000000000000 	 11.401851076728 
15.000000000000 	 6.000000000000 	 12.868623849554 
15.000000000000 	 7.000000000000 	 14.245854025596 
15.000000000000 	 8.000000000000 	 15.530210006439 
15.000000000000 	 9.000000000000 	 16.720006676622 
15.000000000000 	 10.000000000000 	 17.814892482247 
15.000000000000 	 11.000000000000 	 18.815542525375 
15.000000000000 	 12.000000000000 	 19.723377285797 
15.000000000000 	 13.000000000000 	 20.540317383902 
15.000000000000 	 14.000000000000 	 21.268577913632 
15.000000000000 	 15.000000000000 	 21.910501325266 
15.000000000000 	 16.000000000000 	 22.468425238098 
15.000000000000 	 17.000000000000 	 22.944580398859 
15.000000000000 	 18.000000000000 	 23.341013790286 
15.000000000000 	 19.000000000000 	 23.659532252003 
15.000000000000 	 20.000000000000 	 23.901662631304 
15.000000000000 	 21.000000000000 	 24.068625260539 
15.000000000000 	 22.000000000000 	 24.161318360931 
15.000000000000 	 23.000000000000 	 24.180311751135 
15.000000000000 	 24.000000000000 	 24.125848975761 
15.000000000000 	 25.000000000000 	 23.997857664103 
15.000000000000 	 26.000000000000 	 23.795968586842 
15.000000000000 	 27.000000000000 	 23.519544497660 
15.000000000000 	 28.000000000000 	 23.167720411443 
15.000000000000 	 29.000000000000 	 22.739457439601 
15.000000000000 	 30.000000000000 	 22.233612598101 
15.000000000000 	 31.000000000000 	 21.649027001674 
15.000000000000 	 32.000000000000 	 20.984634386142 
15.000000000000 	 33.000000000000 	 20.239590751055 
15.000000000000 	 34.000000000000 	 19.413423880617 
15.000000000000 	 35.000000000000 	 18.506198457844 
15.000000000000 	 36.000000000000 	 17.518688517195 
15.000000000000 	 37.000000000000 	 16.452544523168 
15.000000000000 	 38.000000000000 	 15.310438325001 
15.000000000000 	 39.000000000000 	 14.096166961959 

16.000000000000 	 1.000000000000 	 4.583910995411 
16.000000000000 	 2.000000000000 	 6.266225796405 
16.000000000000 	 3.000000000000 	 7.899364907707 
16.000000000000 	 4.000000000000 	 9.472370198112 
16.000000000000 	 5.000000000000 	 10.976059420837 
16.000000000000 	 6.000000000000 	 12.403100200416 
16.000000000000 	 7.000000000000 	 13.747964331868 
16.000000000000 	 8.000000000000 	 15.006789716146 
16.000000000000 	 9.000000000000 	 16.177180979983 
16.000000000000 	 10.000000000000 	 17.257977938423 
16.000000000000 	 11.000000000000 	 18.249015803705 
16.000000000000 	 12.000000000000 	 19.150894519279 
16.000000000000 	 13.000000000000 	 19.964768299993 
16.000000000000 	 14.000000000000 	 20.692161217003 
16.000000000000 	 15.000000000000 	 21.334810770857 
16.000000000000 	 16.000000000000 	 21.894538798417 
16.000000000000 	 17.000000000000 	 22.373147539057 
16.000000000000 	 18.000000000000 	 22.772337973143 
16.000000000000 	 19.000000000000 	 23.093647390072 
16.000000000000 	 20.000000000000 	 23.338403341395 
16.000000000000 	 21.000000000000 	 23.507691538142 
16.000000000000 	 22.000000000000 	 23.602335760415 
16.000000000000 	 23.000000000000 	 23.622888398454 
16.000000000000 	 24.000000000000 	 23.569630800670 
16.000000000000 	 25.000000000000 	 23.442583143291 
16.000000000000 	 26.000000000000 	 23.241524042181 
16.000000000000 	 27.000000000000 	 22.966020581352 
16.000000000000 	 28.000000000000 	 22.615469806426 
16.000000000000 	 29.000000000000 	 22.189152979840 
16.000000000000 	 30.000000000000 	 21.686303951141 
16.000000000000 	 31.000000000000 	 21.106192769394 
16.000000000000 	 32.000000000000 	 20.448225045506 
16.000000000000 	 33.000000000000 	 19.712056447146 
16.000000000000 	 34.000000000000 	 18.897719996287 
16.000000000000 	 35.000000000000 	 18.005761542616 
16.000000000000 	 36.000000000000 	 17.037376064820 
16.000000000000 	 37.000000000000 	 15.994534688165 
16.000000000000 	 38.000000000000 	 14.880090129003 
16.000000000000 	 39.000000000000 	 13.697847483558 

17.000000000000 	 1.000000000000 	 4.426904883976 
17.000000000000 	 2.000000000000 	 6.053778648410 
17.000000000000 	 3.000000000000 	 7.635963930333 
17.000000000000 	 4.000000000000 	 9.163258745681 
17.000000000000 	 5.000000000000 	 10.626921701413 
17.000000000000 	 6.000000000000 	 12.019759459319 
17.000000000000 	 7.000000000000 	 13.336120387554 
17.000000000000 	 8.000000000000 	 14.571811263726 
17.000000000000 	 9.000000000000 	 15.723957991452 
17.000000000000 	 10.000000000000 	 16.790831543185 
17.000000000000 	 11.000000000000 	 17.771657904796 
17.000000000000 	 12.000000000000 	 18.666426940808 
17.000000000000 	 13.000000000000 	 19.475710873369 
17.000000000000 	 14.000000000000 	 20.200499175681 
17.000000000000 	 15.000000000000 	 20.842053489696 
17.000000000000 	 16.000000000000 	 21.401783801886 
17.000000000000 	 17.000000000000 	 21.881145504209 
17.000000000000 	 18.000000000000 	 22.281556005204 
17.000000000000 	 19.000000000000 	 22.604329089716 
17.000000000000 	 20.000000000000 	 22.850625115197 
17.000000000000 	 21.000000000000 	 23.021415260943 
17.000000000000 	 22.000000000000 	 23.117458324234 
17.000000000000 	 23.000000000000 	 23.139288918448 
17.000000000000 	 24.000000000000 	 23.087216325927 
17.000000000000 	 25.000000000000 	 22.961333657999 
17.000000000000 	 26.000000000000 	 22.761537347387 
17.000000000000 	 27.000000000000 	 22.487557315369 
17.000000000000 	 28.000000000000 	 22.138998383691 
17.000000000000 	 29.000000000000 	 21.715393596321 
17.000000000000 	 30.000000000000 	 21.216270024967 
17.000000000000 	 31.000000000000 	 20.641227291902 
17.000000000000 	 32.000000000000 	 19.990028389562 
17.000000000000 	 33.000000000000 	 19.262701357760 
17.000000000000 	 34.000000000000 	 18.459648984566 
17.000000000000 	 35.000000000000 	 17.581761986955 
17.000000000000 	 36.000000000000 	 16.630529272334 
17.000000000000 	 37.000000000000 	 15.608137184459 
17.000000000000 	 38.000000000000 	 14.517548520383 
17.000000000000 	 39.000000000000 	 13.362552042307 

18.000000000000 	 1.000000000000 	 4.303116634856 
18.000000000000 	 2.000000000000 	 5.886023130011 
18.000000000000 	 3.000000000000 	 7.427457406249 
18.000000000000 	 4.000000000000 	 8.917783963761 
18.000000000000 	 5.000000000000 	 10.348614796246 
18.000000000000 	 6.000000000000 	 11.712901948090 
18.000000000000 	 7.000000000000 	 13.004953654466 
18.000000000000 	 8.000000000000 	 14.220384850132 
18.000000000000 	 9.000000000000 	 15.356016769934 
18.000000000000 	 10.000000000000 	 16.409741596435 
18.000000000000 	 11.000000000000 	 17.380367221311 
18.000000000000 	 12.000000000000 	 18.267454948750 
18.000000000000 	 13.000000000000 	 19.071160112464 
18.000000000000 	 14.000000000000 	 19.792082667864 
18.000000000000 	 15.000000000000 	 20.431132220568 
18.000000000000 	 16.000000000000 	 20.989409843878 
18.000000000000 	 17.000000000000 	 21.468107469627 
18.000000000000 	 18.000000000000 	 21.868424573367 
18.000000000000 	 19.000000000000 	 22.191501237845 
18.000000000000 	 20.000000000000 	 22.438366376131 
18.000000000000 	 21.000000000000 	 22.609899838802 
18.000000000000 	 22.000000000000 	 22.706807241564 
18.000000000000 	 23.000000000000 	 22.729606567637 
18.000000000000 	 24.000000000000 	 22.678625873038 
18.000000000000 	 25.000000000000 	 22.554011711775 
18.000000000000 	 26.000000000000 	 22.355748166464 
18.000000000000 	 27.000000000000 	 22.083686584142 
18.000000000000 	 28.000000000000 	 21.737586241531 
18.000000000000 	 29.000000000000 	 21.317166159428 
18.000000000000 	 30.000000000000 	 20.822168109888 
18.000000000000 	 31.000000000000 	 20.252430470018 
18.000000000000 	 32.000000000000 	 19.607971937972 
18.000000000000 	 33.000000000000 	 18.889083226418 
18.000000000000 	 34.000000000000 	 18.096423710653 
18.000000000000 	 35.000000000000 	 17.231118715365 
18.000000000000 	 36.000000000000 	 16.294851832879 
18.000000000000 	 37.000000000000 	 15.289945610772 
18.000000000000 	 38.000000000000 	 14.219423417371 
18.000000000000 	 39.000000000000 	 13.087045577083 

19.000000000000 	 1.000000000000 	 4.210092960069 
19.000000000000 	 2.000000000000 	 5.759743027195 
19.000000000000 	 3.000000000000 	 7.270062650412 
19.000000000000 	 4.000000000000 	 8.731809793551 
19.000000000000 	 5.000000000000 	 10.136857276631 
19.000000000000 	 6.000000000000 	 11.478286383354 
19.000000000000 	 7.000000000000 	 12.750414704032 
19.000000000000 	 8.000000000000 	 13.948765727087 
19.000000000000 	 9.000000000000 	 15.069991368075 
19.000000000000 	 10.000000000000 	 16.111760255528 
19.000000000000 	 11.000000000000 	 17.072624480890 
19.000000000000 	 12.000000000000 	 17.951876168524 
19.000000000000 	 13.000000000000 	 18.749403169193 
19.000000000000 	 14.000000000000 	 19.465550889832 
19.000000000000 	 15.000000000000 	 20.100995080244 
19.000000000000 	 16.000000000000 	 20.656628507883 
19.000000000000 	 17.000000000000 	 21.133462957625 
19.000000000000 	 18.000000000000 	 21.532546907092 
19.000000000000 	 19.000000000000 	 21.854898512553 
19.000000000000 	 20.000000000000 	 22.101453134443 
19.000000000000 	 21.000000000000 	 22.273024466143 
19.000000000000 	 22.000000000000 	 22.370278338752 
19.000000000000 	 23.000000000000 	 22.393718399602 
19.000000000000 	 24.000000000000 	 22.343683052965 
19.000000000000 	 25.000000000000 	 22.220353264903 
19.000000000000 	 26.000000000000 	 22.023771032301 
19.000000000000 	 27.000000000000 	 21.753868463104 
19.000000000000 	 28.000000000000 	 21.410507475238 
19.000000000000 	 29.000000000000 	 20.993530059970 
19.000000000000 	 30.000000000000 	 20.502818836953 
19.000000000000 	 31.000000000000 	 19.938367223352 
19.000000000000 	 32.000000000000 	 19.300357931003 
19.000000000000 	 33.000000000000 	 18.589247698944 
19.000000000000 	 34.000000000000 	 17.805855204730 
19.000000000000 	 35.000000000000 	 16.951448064504 
19.000000000000 	 36.000000000000 	 16.027823870041 
19.000000000000 	 37.000000000000 	 15.037379509555 
19.000000000000 	 38.000000000000 	 13.983162789776 
19.000000000000 	 39.000000000000 	 12.868900809344 

20.000000000000 	 1.000000000000 	 4.146206431386 
20.000000000000 	 2.000000000000 	 5.672796594820 
20.000000000000 	 3.000000000000 	 7.161244462014 
20.000000000000 	 4.000000000000 	 8.602540215745 
20.000000000000 	 5.000000000000 	 9.988723891590 
20.000000000000 	 6.000000000000 	 11.312978166432 
20.000000000000 	 7.000000000000 	 12.569660391117 
20.000000000000 	 8.000000000000 	 13.754280075680 
20.000000000000 	 9.000000000000 	 14.863431527650 
20.000000000000 	 10.000000000000 	 15.894693068801 
20.000000000000 	 11.000000000000 	 16.846504417694 
20.000000000000 	 12.000000000000 	 17.718032822867 
20.000000000000 	 13.000000000000 	 18.509036820013 
20.000000000000 	 14.000000000000 	 19.219734478693 
20.000000000000 	 15.000000000000 	 19.850681016098 
20.000000000000 	 16.000000000000 	 20.402658892201 
20.000000000000 	 17.000000000000 	 20.876582067943 
20.000000000000 	 18.000000000000 	 21.273415035646 
20.000000000000 	 19.000000000000 	 21.594106498300 
20.000000000000 	 20.000000000000 	 21.839537133860 
20.000000000000 	 21.000000000000 	 22.010480672867 
20.000000000000 	 22.000000000000 	 22.107577482647 
20.000000000000 	 23.000000000000 	 22.131319933488 
20.000000000000 	 24.000000000000 	 22.082048972840 
20.000000000000 	 25.000000000000 	 21.959961509770 
20.000000000000 	 26.000000000000 	 21.765128375391 
20.000000000000 	 27.000000000000 	 21.497522740047 
20.000000000000 	 28.000000000000 	 21.157058900139 
20.000000000000 	 29.000000000000 	 20.743641263193 
20.000000000000 	 30.000000000000 	 20.257223128368 
20.000000000000 	 31.000000000000 	 19.697874456984 
20.000000000000 	 32.000000000000 	 19.065857243466 
20.000000000000 	 33.000000000000 	 18.361706343537 
20.000000000000 	 34.000000000000 	 17.586312738766 
20.000000000000 	 35.000000000000 	 16.741005301707 
20.000000000000 	 36.000000000000 	 15.827626304942 
20.000000000000 	 37.000000000000 	 14.848595357585 
20.000000000000 	 38.000000000000 	 13.806956333859 
20.000000000000 	 39.000000000000 	 12.706402332311 

21.000000000000 	 1.000000000000 	 4.110559511516 
21.000000000000 	 2.000000000000 	 5.623995695198 
21.000000000000 	 3.000000000000 	 7.099582487077 
21.000000000000 	 4.000000000000 	 8.528387663422 
21.000000000000 	 5.000000000000 	 9.902525683573 
21.000000000000 	 6.000000000000 	 11.215248581728 
21.000000000000 	 7.000000000000 	 12.460975980915 
21.000000000000 	 8.000000000000 	 13.635270771452 
21.000000000000 	 9.000000000000 	 14.734770433180 
21.000000000000 	 10.000000000000 	 15.757085595775 
21.000000000000 	 11.000000000000 	 16.700677469066 
21.000000000000 	 12.000000000000 	 17.564724666075 
21.000000000000 	 13.000000000000 	 18.348988158343 
21.000000000000 	 14.000000000000 	 19.053681062097 
21.000000000000 	 15.000000000000 	 19.679347964732 
21.000000000000 	 16.000000000000 	 20.226756758698 
21.000000000000 	 17.000000000000 	 20.696804548924 
21.000000000000 	 18.000000000000 	 21.090438161663 
21.000000000000 	 19.000000000000 	 21.408589081060 
21.000000000000 	 20.000000000000 	 21.652122223882 
21.000000000000 	 21.000000000000 	 21.821797772774 
21.000000000000 	 22.000000000000 	 21.918245264446 
21.000000000000 	 23.000000000000 	 21.941949217497 
21.000000000000 	 24.000000000000 	 21.893245737874 
21.000000000000 	 25.000000000000 	 21.772329717198 
21.000000000000 	 26.000000000000 	 21.579272403827 
21.000000000000 	 27.000000000000 	 21.314049244095 
21.000000000000 	 28.000000000000 	 20.976577928429 
21.000000000000 	 29.000000000000 	 20.566766500954 
21.000000000000 	 30.000000000000 	 20.084571170848 
21.000000000000 	 31.000000000000 	 19.530063073884 
21.000000000000 	 32.000000000000 	 18.903502660342 
21.000000000000 	 33.000000000000 	 18.205419639715 
21.000000000000 	 34.000000000000 	 17.436695534268 
21.000000000000 	 35.000000000000 	 16.598644965943 
21.000000000000 	 36.000000000000 	 15.693090953790 
21.000000000000 	 37.000000000000 	 14.722428901592 
21.000000000000 	 38.000000000000 	 13.689673794345 
21.000000000000 	 39.000000000000 	 12.598485561398 

22.000000000000 	 1.000000000000 	 4.102938577987 
22.000000000000 	 2.000000000000 	 5.613047413911 
22.000000000000 	 3.000000000000 	 7.084706215035 
22.000000000000 	 4.000000000000 	 8.508907199640 
22.000000000000 	 5.000000000000 	 9.877748355769 
22.000000000000 	 6.000000000000 	 11.184521057761 
22.000000000000 	 7.000000000000 	 12.423731519259 
22.000000000000 	 8.000000000000 	 13.591064685606 
22.000000000000 	 9.000000000000 	 14.683302645741 
22.000000000000 	 10.000000000000 	 15.698210904142 
22.000000000000 	 11.000000000000 	 16.634405336216 
22.000000000000 	 12.000000000000 	 17.491210961626 
22.000000000000 	 13.000000000000 	 18.268521399248 
22.000000000000 	 14.000000000000 	 18.966665483288 
22.000000000000 	 15.000000000000 	 19.586285335438 
22.000000000000 	 16.000000000000 	 20.128228371353 
22.000000000000 	 17.000000000000 	 20.593454329437 
22.000000000000 	 18.000000000000 	 20.982957431846 
22.000000000000 	 19.000000000000 	 21.297703167862 
22.000000000000 	 20.000000000000 	 21.538578858748 
22.000000000000 	 21.000000000000 	 21.706357050194 
22.000000000000 	 22.000000000000 	 21.801670819812 
22.000000000000 	 23.000000000000 	 21.825000228617 
22.000000000000 	 24.000000000000 	 21.776669342484 
22.000000000000 	 25.000000000000 	 21.656853464518 
22.000000000000 	 26.000000000000 	 21.465596419279 
22.000000000000 	 27.000000000000 	 21.202837883390 
22.000000000000 	 28.000000000000 	 20.868450832323 
22.000000000000 	 29.000000000000 	 20.462289136274 
22.000000000000 	 30.000000000000 	 19.984245153954 
22.000000000000 	 31.000000000000 	 19.434316808912 
22.000000000000 	 32.000000000000 	 18.812683064024 
22.000000000000 	 33.000000000000 	 18.119785930624 
22.000000000000 	 34.000000000000 	 17.356416186595 
22.000000000000 	 35.000000000000 	 16.523798907835 
22.000000000000 	 36.000000000000 	 15.623673874397 
22.000000000000 	 37.000000000000 	 14.658365090601 
22.000000000000 	 38.000000000000 	 13.630833291558 
22.000000000000 	 39.000000000000 	 12.544705624317 

23.000000000000 	 1.000000000000 	 4.123813106695 
23.000000000000 	 2.000000000000 	 5.640552364088 
23.000000000000 	 3.000000000000 	 7.117291809032 
23.000000000000 	 4.000000000000 	 8.544791451020 
23.000000000000 	 5.000000000000 	 9.915045187010 
23.000000000000 	 6.000000000000 	 11.221362275314 
23.000000000000 	 7.000000000000 	 12.458371624699 
23.000000000000 	 8.000000000000 	 13.621961820656 
23.000000000000 	 9.000000000000 	 14.709173286396 
23.000000000000 	 10.000000000000 	 15.718059443054 
23.000000000000 	 11.000000000000 	 16.647532055656 
23.000000000000 	 12.000000000000 	 17.497203093073 
23.000000000000 	 13.000000000000 	 18.267232203055 
23.000000000000 	 14.000000000000 	 18.958185863457 
23.000000000000 	 15.000000000000 	 19.570911721790 
23.000000000000 	 16.000000000000 	 20.106429686292 
23.000000000000 	 17.000000000000 	 20.565839966194 
23.000000000000 	 18.000000000000 	 20.950247394722 
23.000000000000 	 19.000000000000 	 21.260700900183 
23.000000000000 	 20.000000000000 	 21.498146814816 
23.000000000000 	 21.000000000000 	 21.663394739016 
23.000000000000 	 22.000000000000 	 21.757094839158 
23.000000000000 	 23.000000000000 	 21.779725696778 
23.000000000000 	 24.000000000000 	 21.731592105080 
23.000000000000 	 25.000000000000 	 21.612832494415 
23.000000000000 	 26.000000000000 	 21.423435935132 
23.000000000000 	 27.000000000000 	 21.163268887761 
23.000000000000 	 28.000000000000 	 20.832112017574 
23.000000000000 	 29.000000000000 	 20.429707427866 
23.000000000000 	 30.000000000000 	 19.955816551595 
23.000000000000 	 31.000000000000 	 19.410288626826 
23.000000000000 	 32.000000000000 	 18.793139121333 
23.000000000000 	 33.000000000000 	 18.104636631819 
23.000000000000 	 34.000000000000 	 17.345395662122 
23.000000000000 	 35.000000000000 	 16.516471337934 
23.000000000000 	 36.000000000000 	 15.619450682360 
23.000000000000 	 37.000000000000 	 14.656533796031 
23.000000000000 	 38.000000000000 	 13.630597485503 
23.000000000000 	 39.000000000000 	 12.545233925696 

24.000000000000 	 1.000000000000 	 4.174380588279 
24.000000000000 	 2.000000000000 	 5.708060273801 
24.000000000000 	 3.000000000000 	 7.199121192699 
24.000000000000 	 4.000000000000 	 8.637926419294 
24.000000000000 	 5.000000000000 	 10.016284282369 
24.000000000000 	 6.000000000000 	 11.327517631982 
24.000000000000 	 7.000000000000 	 12.566438042728 
24.000000000000 	 8.000000000000 	 13.729245576302 
24.000000000000 	 9.000000000000 	 14.813377827152 
24.000000000000 	 10.000000000000 	 15.817330784386 
24.000000000000 	 11.000000000000 	 16.740470240110 
24.000000000000 	 12.000000000000 	 17.582847634917 
24.000000000000 	 13.000000000000 	 18.345029491913 
24.000000000000 	 14.000000000000 	 19.027945590905 
24.000000000000 	 15.000000000000 	 19.632758012178 
24.000000000000 	 16.000000000000 	 20.160751114489 
24.000000000000 	 17.000000000000 	 20.613241253263 
24.000000000000 	 18.000000000000 	 20.991504400283 
24.000000000000 	 19.000000000000 	 21.296719612783 
24.000000000000 	 20.000000000000 	 21.529926368713 
24.000000000000 	 21.000000000000 	 21.691994024502 
24.000000000000 	 22.000000000000 	 21.783601985461 
24.000000000000 	 23.000000000000 	 21.805229556717 
24.000000000000 	 24.000000000000 	 21.757154833090 
24.000000000000 	 25.000000000000 	 21.639462369312 
24.000000000000 	 26.000000000000 	 21.452059731539 
24.000000000000 	 27.000000000000 	 21.194703350046 
24.000000000000 	 28.000000000000 	 20.867034347226 
24.000000000000 	 29.000000000000 	 20.468625168663 
24.000000000000 	 30.000000000000 	 19.999037847119 
24.000000000000 	 31.000000000000 	 19.457894511800 
24.000000000000 	 32.000000000000 	 18.844960237554 
24.000000000000 	 33.000000000000 	 18.160237429847 
24.000000000000 	 34.000000000000 	 17.404069605530 
24.000000000000 	 35.000000000000 	 16.577250666480 
24.000000000000 	 36.000000000000 	 15.681133700855 
24.000000000000 	 37.000000000000 	 14.717731279479 
24.000000000000 	 38.000000000000 	 13.689797620331 
24.000000000000 	 39.000000000000 	 12.600882474407 

25.000000000000 	 1.000000000000 	 4.256663349895 
25.000000000000 	 2.000000000000 	 5.818190028244 
25.000000000000 	 3.000000000000 	 7.333210167999 
25.000000000000 	 4.000000000000 	 8.791513456533 
25.000000000000 	 5.000000000000 	 10.184653384512 
25.000000000000 	 6.000000000000 	 11.505992187430 
25.000000000000 	 7.000000000000 	 12.750624340169 
25.000000000000 	 8.000000000000 	 13.915212332103 
25.000000000000 	 9.000000000000 	 14.997770064238 
25.000000000000 	 10.000000000000 	 15.997424682656 
25.000000000000 	 11.000000000000 	 16.914180158532 
25.000000000000 	 12.000000000000 	 17.748697967756 
25.000000000000 	 13.000000000000 	 18.502103332359 
25.000000000000 	 14.000000000000 	 19.175820288220 
25.000000000000 	 15.000000000000 	 19.771435368483 
25.000000000000 	 16.000000000000 	 20.290587662452 
25.000000000000 	 17.000000000000 	 20.734882050487 
25.000000000000 	 18.000000000000 	 21.105822172411 
25.000000000000 	 19.000000000000 	 21.404759877925 
25.000000000000 	 20.000000000000 	 21.632858331887 
25.000000000000 	 21.000000000000 	 21.791066475538 
25.000000000000 	 22.000000000000 	 21.880103101571 
25.000000000000 	 23.000000000000 	 21.900449348390 
25.000000000000 	 24.000000000000 	 21.852348942003 
25.000000000000 	 25.000000000000 	 21.735816009996 
25.000000000000 	 26.000000000000 	 21.550650761814 
25.000000000000 	 27.000000000000 	 21.296463769885 
25.000000000000 	 28.000000000000 	 20.972709983245 
25.000000000000 	 29.000000000000 	 20.578733926567 
25.000000000000 	 30.000000000000 	 20.113827724158 
25.000000000000 	 31.000000000000 	 19.577303548345 
25.000000000000 	 32.000000000000 	 18.968581697456 
25.000000000000 	 33.000000000000 	 18.287294606511 
25.000000000000 	 34.000000000000 	 17.533405533467 
25.000000000000 	 35.000000000000 	 16.707338357043 
25.000000000000 	 36.000000000000 	 15.810111936132 
25.000000000000 	 37.000000000000 	 14.843469149489 
25.000000000000 	 38.000000000000 	 13.809987743031 
25.000000000000 	 39.000000000000 	 12.713158468048 

26.000000000000 	 1.000000000000 	 4.373670370172 
26.000000000000 	 2.000000000000 	 5.974829311425 
26.000000000000 	 3.000000000000 	 7.524019782427 
26.000000000000 	 4.000000000000 	 9.010268425309 
26.000000000000 	 5.000000000000 	 10.424828948064 
26.000000000000 	 6.000000000000 	 11.761179474089 
26.000000000000 	 7.000000000000 	 13.014861600561 
26.000000000000 	 8.000000000000 	 14.183216844605 
26.000000000000 	 9.000000000000 	 15.265073577639 
26.000000000000 	 10.000000000000 	 16.260426520133 
26.000000000000 	 11.000000000000 	 17.170137140244 
26.000000000000 	 12.000000000000 	 17.995670705412 
26.000000000000 	 13.000000000000 	 18.738876066696 
26.000000000000 	 14.000000000000 	 19.401807830604 
26.000000000000 	 15.000000000000 	 19.986586922361 
26.000000000000 	 16.000000000000 	 20.495293925209 
26.000000000000 	 17.000000000000 	 20.929889274499 
26.000000000000 	 18.000000000000 	 21.292154826316 
26.000000000000 	 19.000000000000 	 21.583652116362 
26.000000000000 	 20.000000000000 	 21.805693534192 
26.000000000000 	 21.000000000000 	 21.959323529982 
26.000000000000 	 22.000000000000 	 22.045307788936 
26.000000000000 	 23.000000000000 	 22.064129040443 
26.000000000000 	 24.000000000000 	 22.015988827496 
26.000000000000 	 25.000000000000 	 21.900815170250 
26.000000000000 	 26.000000000000 	 21.718276640495 
26.000000000000 	 27.000000000000 	 21.467803939573 
26.000000000000 	 28.000000000000 	 21.148620644708 
26.000000000000 	 29.000000000000 	 20.759785336446 
26.000000000000 	 30.000000000000 	 20.300247783209 
26.000000000000 	 31.000000000000 	 19.768922123631 
26.000000000000 	 32.000000000000 	 19.164779870151 
26.000000000000 	 33.000000000000 	 18.486964802625 
26.000000000000 	 34.000000000000 	 17.734930123970 
26.000000000000 	 35.000000000000 	 16.908595332192 
26.000000000000 	 36.000000000000 	 16.008516019243 
26.000000000000 	 37.000000000000 	 15.036054526674 
26.000000000000 	 38.000000000000 	 13.993533992428 
26.000000000000 	 39.000000000000 	 12.884354462597 

27.000000000000 	 1.000000000000 	 4.529646941213 
27.000000000000 	 2.000000000000 	 6.183439948609 
27.000000000000 	 3.000000000000 	 7.777774878099 
27.000000000000 	 4.000000000000 	 9.300715922556 
27.000000000000 	 5.000000000000 	 10.743219654820 
27.000000000000 	 6.000000000000 	 12.099041024960 
27.000000000000 	 7.000000000000 	 13.364432303498 
27.000000000000 	 8.000000000000 	 14.537727098267 
27.000000000000 	 9.000000000000 	 15.618888753744 
27.000000000000 	 10.000000000000 	 16.609079163661 
27.000000000000 	 11.000000000000 	 17.510280239193 
27.000000000000 	 12.000000000000 	 18.324981252748 
27.000000000000 	 13.000000000000 	 19.055932510481 
27.000000000000 	 14.000000000000 	 19.705958624299 
27.000000000000 	 15.000000000000 	 20.277821570396 
27.000000000000 	 16.000000000000 	 20.774123230207 
27.000000000000 	 17.000000000000 	 21.197238023966 
27.000000000000 	 18.000000000000 	 21.549267763823 
27.000000000000 	 19.000000000000 	 21.832012496099 
27.000000000000 	 20.000000000000 	 22.046952627331 
27.000000000000 	 21.000000000000 	 22.195238941437 
27.000000000000 	 22.000000000000 	 22.277688206400 
27.000000000000 	 23.000000000000 	 22.294782972769 
27.000000000000 	 24.000000000000 	 22.246674936759 
27.000000000000 	 25.000000000000 	 22.133191936614 
27.000000000000 	 26.000000000000 	 21.953849328722 
27.000000000000 	 27.000000000000 	 21.707867197377 
27.000000000000 	 28.000000000000 	 21.394195621119 
27.000000000000 	 29.000000000000 	 21.011551052553 
27.000000000000 	 30.000000000000 	 20.558467722810 
27.000000000000 	 31.000000000000 	 20.033368734353 
27.000000000000 	 32.000000000000 	 19.434661921412 
27.000000000000 	 33.000000000000 	 18.760865254491 
27.000000000000 	 34.000000000000 	 18.010765011069 
27.000000000000 	 35.000000000000 	 17.183606511369 
27.000000000000 	 36.000000000000 	 16.279311426692 
27.000000000000 	 37.000000000000 	 15.298707516667 
27.000000000000 	 38.000000000000 	 14.243747201745 
27.000000000000 	 39.000000000000 	 13.117683205129 

28.000000000000 	 1.000000000000 	 4.730450120452 
28.000000000000 	 2.000000000000 	 6.451511423279 
28.000000000000 	 3.000000000000 	 8.102927354626 
28.000000000000 	 4.000000000000 	 9.671604950517 
28.000000000000 	 5.000000000000 	 11.148297648568 
28.000000000000 	 6.000000000000 	 12.527338279561 
28.000000000000 	 7.000000000000 	 13.806105767846 
28.000000000000 	 8.000000000000 	 14.984377410044 
28.000000000000 	 9.000000000000 	 16.063682708600 
28.000000000000 	 10.000000000000 	 17.046729259936 
28.000000000000 	 11.000000000000 	 17.936932072192 
28.000000000000 	 12.000000000000 	 18.738050748083 
28.000000000000 	 13.000000000000 	 19.453923774833 
28.000000000000 	 14.000000000000 	 20.088282709343 
28.000000000000 	 15.000000000000 	 20.644628036082 
28.000000000000 	 16.000000000000 	 21.126150299547 
28.000000000000 	 17.000000000000 	 21.535683050318 
28.000000000000 	 18.000000000000 	 21.875677213085 
28.000000000000 	 19.000000000000 	 22.148189217665 
28.000000000000 	 20.000000000000 	 22.354877469488 
28.000000000000 	 21.000000000000 	 22.497003478794 
28.000000000000 	 22.000000000000 	 22.575435297275 
28.000000000000 	 23.000000000000 	 22.590651933172 
28.000000000000 	 24.000000000000 	 22.542748239350 
28.000000000000 	 25.000000000000 	 22.431440496020 
28.000000000000 	 26.000000000000 	 22.256073634575 
28.000000000000 	 27.000000000000 	 22.015631856275 
28.000000000000 	 28.000000000000 	 21.708755361690 
28.000000000000 	 29.000000000000 	 21.333767071735 
28.000000000000 	 30.000000000000 	 20.888714588341 
28.000000000000 	 31.000000000000 	 20.371434118429 
28.000000000000 	 32.000000000000 	 19.779644414739 
28.000000000000 	 33.000000000000 	 19.111079469129 
28.000000000000 	 34.000000000000 	 18.363667899426 
28.000000000000 	 35.000000000000 	 17.535763541441 
28.000000000000 	 36.000000000000 	 16.626424410438 
28.000000000000 	 37.000000000000 	 15.635725113622 
28.000000000000 	 38.000000000000 	 14.565071714147 
28.000000000000 	 39.000000000000 	 13.417471617241 

29.000000000000 	 1.000000000000 	 4.984112701702 
29.000000000000 	 2.000000000000 	 6.789230887820 
29.000000000000 	 3.000000000000 	 8.510821483578 
29.000000000000 	 4.000000000000 	 10.134482879009 
29.000000000000 	 5.000000000000 	 11.651032382275 
29.000000000000 	 6.000000000000 	 13.055914001868 
29.000000000000 	 7.000000000000 	 14.348281034742 
29.000000000000 	 8.000000000000 	 15.530000630301 
29.000000000000 	 9.000000000000 	 16.604742558453 
29.000000000000 	 10.000000000000 	 17.577230798298 
29.000000000000 	 11.000000000000 	 18.452676269945 
29.000000000000 	 12.000000000000 	 19.236374614439 
29.000000000000 	 13.000000000000 	 19.933438312994 
29.000000000000 	 14.000000000000 	 20.548630007834 
29.000000000000 	 15.000000000000 	 21.086267557597 
29.000000000000 	 16.000000000000 	 21.550177222292 
29.000000000000 	 17.000000000000 	 21.943677313458 
29.000000000000 	 18.000000000000 	 22.269579736129 
29.000000000000 	 19.000000000000 	 22.530200832084 
29.000000000000 	 20.000000000000 	 22.727375875589 
29.000000000000 	 21.000000000000 	 22.862473665856 
29.000000000000 	 22.000000000000 	 22.936409122658 
29.000000000000 	 23.000000000000 	 22.949652823495 
29.000000000000 	 24.000000000000 	 22.902237194965 
29.000000000000 	 25.000000000000 	 22.793759735409 
29.000000000000 	 26.000000000000 	 22.623384332689 
29.000000000000 	 27.000000000000 	 22.389842575932 
29.000000000000 	 28.000000000000 	 22.091438067204 
29.000000000000 	 29.000000000000 	 21.726058235744 
29.000000000000 	 30.000000000000 	 21.291200131148 
29.000000000000 	 31.000000000000 	 20.784019124979 
29.000000000000 	 32.000000000000 	 20.201412196360 
29.000000000000 	 33.000000000000 	 19.540149972975 
29.000000000000 	 34.000000000000 	 18.797072822466 
29.000000000000 	 35.000000000000 	 17.969364136382 
29.000000000000 	 36.000000000000 	 17.054905863226 
29.000000000000 	 37.000000000000 	 16.052704595664 
29.000000000000 	 38.000000000000 	 14.963350155442 
29.000000000000 	 39.000000000000 	 13.789436731943 

30.000000000000 	 1.000000000000 	 5.301701154894 
30.000000000000 	 2.000000000000 	 7.210480403785 
30.000000000000 	 3.000000000000 	 9.016647930521 
30.000000000000 	 4.000000000000 	 10.704476461849 
30.000000000000 	 5.000000000000 	 12.265439391777 
30.000000000000 	 6.000000000000 	 13.697009315932 
30.000000000000 	 7.000000000000 	 15.001109337511 
30.000000000000 	 8.000000000000 	 16.182607688344 
30.000000000000 	 9.000000000000 	 17.248062814901 
30.000000000000 	 10.000000000000 	 18.204782345020 
30.000000000000 	 11.000000000000 	 19.060175328824 
30.000000000000 	 12.000000000000 	 19.821341324547 
30.000000000000 	 13.000000000000 	 20.494833484750 
30.000000000000 	 14.000000000000 	 21.086540479907 
30.000000000000 	 15.000000000000 	 21.601644356320 
30.000000000000 	 16.000000000000 	 22.044623437935 
30.000000000000 	 17.000000000000 	 22.419279254030 
30.000000000000 	 18.000000000000 	 22.728773845600 
30.000000000000 	 19.000000000000 	 22.975668969680 
30.000000000000 	 20.000000000000 	 23.161962176090 
30.000000000000 	 21.000000000000 	 23.289116956740 
30.000000000000 	 22.000000000000 	 23.358085561818 
30.000000000000 	 23.000000000000 	 23.369323946368 
30.000000000000 	 24.000000000000 	 23.322798887909 
30.000000000000 	 25.000000000000 	 23.217987785116 
30.000000000000 	 26.000000000000 	 23.053872170727 
30.000000000000 	 27.000000000000 	 22.828926710385 
30.000000000000 	 28.000000000000 	 22.541106593883 
30.000000000000 	 29.000000000000 	 22.187837966246 
30.000000000000 	 30.000000000000 	 21.766018623917 
30.000000000000 	 31.000000000000 	 21.272039818456 
30.000000000000 	 32.000000000000 	 20.701844715470 
30.000000000000 	 33.000000000000 	 20.051044488319 
30.000000000000 	 34.000000000000 	 19.315117971896 
30.000000000000 	 35.000000000000 	 18.489722581975 
30.000000000000 	 36.000000000000 	 17.571138114737 
30.000000000000 	 37.000000000000 	 16.556844565172 
30.000000000000 	 38.000000000000 	 15.446194376964 
30.000000000000 	 39.000000000000 	 14.241079833347 

31.000000000000 	 1.000000000000 	 5.698649961391 
31.000000000000 	 2.000000000000 	 7.734343930463 
31.000000000000 	 3.000000000000 	 9.640816272008 
31.000000000000 	 4.000000000000 	 11.401339144569 
31.000000000000 	 5.000000000000 	 13.009243491315 
31.000000000000 	 6.000000000000 	 14.465579186791 
31.000000000000 	 7.000000000000 	 15.776544517164 
31.000000000000 	 8.000000000000 	 16.951263708545 
31.000000000000 	 9.000000000000 	 18.000124915169 
31.000000000000 	 10.000000000000 	 18.933667170732 
31.000000000000 	 11.000000000000 	 19.761908567660 
31.000000000000 	 12.000000000000 	 20.493989493379 
31.000000000000 	 13.000000000000 	 21.138021846540 
31.000000000000 	 14.000000000000 	 21.701062466394 
31.000000000000 	 15.000000000000 	 22.189154683654 
31.000000000000 	 16.000000000000 	 22.607401957208 
31.000000000000 	 17.000000000000 	 22.960051726507 
31.000000000000 	 18.000000000000 	 23.250576963138 
31.000000000000 	 19.000000000000 	 23.481748761750 
31.000000000000 	 20.000000000000 	 23.655696797641 
31.000000000000 	 21.000000000000 	 23.773956438625 
31.000000000000 	 22.000000000000 	 23.837502318257 
31.000000000000 	 23.000000000000 	 23.846768651197 
31.000000000000 	 24.000000000000 	 23.801656767034 
31.000000000000 	 25.000000000000 	 23.701530451861 
31.000000000000 	 26.000000000000 	 23.545199884591 
31.000000000000 	 27.000000000000 	 23.330895416430 
31.000000000000 	 28.000000000000 	 23.056233394261 
31.000000000000 	 29.000000000000 	 22.718177983304 
31.000000000000 	 30.000000000000 	 22.313005923881 
31.000000000000 	 31.000000000000 	 21.836285889511 
31.000000000000 	 32.000000000000 	 21.282891139598 
31.000000000000 	 33.000000000000 	 20.647073740557 
31.000000000000 	 34.000000000000 	 19.922640076473 
31.000000000000 	 35.000000000000 	 19.103277789246 
31.000000000000 	 36.000000000000 	 18.183086705864 
31.000000000000 	 37.000000000000 	 17.157347975411 
31.000000000000 	 38.000000000000 	 16.023509274427 
31.000000000000 	 39.000000000000 	 14.782257826823 

32.000000000000 	 1.000000000000 	 6.196900067346 
32.000000000000 	 2.000000000000 	 8.387431186614 
32.000000000000 	 3.000000000000 	 10.410936745215 
32.000000000000 	 4.000000000000 	 12.250823566310 
32.000000000000 	 5.000000000000 	 13.904619993352 
32.000000000000 	 6.000000000000 	 15.379523697459 
32.000000000000 	 7.000000000000 	 16.688230617431 
32.000000000000 	 8.000000000000 	 17.845782983503 
32.000000000000 	 9.000000000000 	 18.867511704462 
32.000000000000 	 10.000000000000 	 19.767859038761 
32.000000000000 	 11.000000000000 	 20.559808883144 
32.000000000000 	 12.000000000000 	 21.254693236362 
32.000000000000 	 13.000000000000 	 21.862209312253 
32.000000000000 	 14.000000000000 	 22.390540566546 
32.000000000000 	 15.000000000000 	 22.846517976335 
32.000000000000 	 16.000000000000 	 23.235786281865 
32.000000000000 	 17.000000000000 	 23.562957280090 
32.000000000000 	 18.000000000000 	 23.831742281319 
32.000000000000 	 19.000000000000 	 24.045061259384 
32.000000000000 	 20.000000000000 	 24.205128902511 
32.000000000000 	 21.000000000000 	 24.313518880614 
32.000000000000 	 22.000000000000 	 24.371207894834 
32.000000000000 	 23.000000000000 	 24.378600885327 
32.000000000000 	 24.000000000000 	 24.335538392032 
32.000000000000 	 25.000000000000 	 24.241286652129 
32.000000000000 	 26.000000000000 	 24.094510711363 
32.000000000000 	 27.000000000000 	 23.893230783396 
32.000000000000 	 28.000000000000 	 23.634762549936 
32.000000000000 	 29.000000000000 	 23.315643440186 
32.000000000000 	 30.000000000000 	 22.931549780927 
32.000000000000 	 31.000000000000 	 22.477215015761 
32.000000000000 	 32.000000000000 	 21.946368277700 
32.000000000000 	 33.000000000000 	 21.331727016626 
32.000000000000 	 34.000000000000 	 20.625098226853 
32.000000000000 	 35.000000000000 	 19.817668850435 
32.000000000000 	 36.000000000000 	 18.900589609576 
32.000000000000 	 37.000000000000 	 17.865957603619 
32.000000000000 	 38.000000000000 	 16.708242723652 
32.000000000000 	 39.000000000000 	 15.426031333669 

33.000000000000 	 1.000000000000 	 6.828457966743 
33.000000000000 	 2.000000000000 	 9.207545905805 
33.000000000000 	 3.000000000000 	 11.364678365846 
33.000000000000 	 4.000000000000 	 13.286401290230 
33.000000000000 	 5.000000000000 	 14.978892613383 
33.000000000000 	 6.000000000000 	 16.459668861100 
33.000000000000 	 7.000000000000 	 17.751075599222 
33.000000000000 	 8.000000000000 	 18.876130673207 
33.000000000000 	 9.000000000000 	 19.856285073576 
33.000000000000 	 10.000000000000 	 20.710453993270 
33.000000000000 	 11.000000000000 	 21.454780668066 
33.000000000000 	 12.000000000000 	 22.102771593489 
33.000000000000 	 13.000000000000 	 22.665588270364 
33.000000000000 	 14.000000000000 	 23.152379490134 
33.000000000000 	 15.000000000000 	 23.570597633293 
33.000000000000 	 16.000000000000 	 23.926275426792 
33.000000000000 	 17.000000000000 	 24.224256567466 
33.000000000000 	 18.000000000000 	 24.468381553305 
33.000000000000 	 19.000000000000 	 24.661633185710 
33.000000000000 	 20.000000000000 	 24.806246897905 
33.000000000000 	 21.000000000000 	 24.903790611848 
33.000000000000 	 22.000000000000 	 24.955217888104 
33.000000000000 	 23.000000000000 	 24.960897031283 
33.000000000000 	 24.000000000000 	 24.920617694085 
33.000000000000 	 25.000000000000 	 24.833575453449 
33.000000000000 	 26.000000000000 	 24.698333862707 
33.000000000000 	 27.000000000000 	 24.512762698098 
33.000000000000 	 28.000000000000 	 24.273950697071 
33.000000000000 	 29.000000000000 	 23.978091403223 
33.000000000000 	 30.000000000000 	 23.620342511172 
33.000000000000 	 31.000000000000 	 23.194663662734 
33.000000000000 	 32.000000000000 	 22.693647237933 
33.000000000000 	 33.000000000000 	 22.108374843511 
33.000000000000 	 34.000000000000 	 21.428363681781 
33.000000000000 	 35.000000000000 	 20.641716163720 
33.000000000000 	 36.000000000000 	 19.735651311033 
33.000000000000 	 37.000000000000 	 18.697655760102 
33.000000000000 	 38.000000000000 	 17.517477936859 
33.000000000000 	 39.000000000000 	 16.189964768717 

34.000000000000 	 1.000000000000 	 7.641600897953 
34.000000000000 	 2.000000000000 	 10.249617795089 
34.000000000000 	 3.000000000000 	 12.553831664378 
34.000000000000 	 4.000000000000 	 14.551213200493 
34.000000000000 	 5.000000000000 	 16.264883326815 
34.000000000000 	 6.000000000000 	 17.729186973452 
34.000000000000 	 7.000000000000 	 18.980276092092 
34.000000000000 	 8.000000000000 	 20.051383276390 
34.000000000000 	 9.000000000000 	 20.971048539709 
34.000000000000 	 10.000000000000 	 21.762896167617 
34.000000000000 	 11.000000000000 	 22.446093516613 
34.000000000000 	 12.000000000000 	 23.036029832138 
34.000000000000 	 13.000000000000 	 23.544998615439 
34.000000000000 	 14.000000000000 	 23.982797694099 
34.000000000000 	 15.000000000000 	 24.357224093541 
34.000000000000 	 16.000000000000 	 24.674467903026 
34.000000000000 	 17.000000000000 	 24.939418887127 
34.000000000000 	 18.000000000000 	 25.155901228495 
34.000000000000 	 19.000000000000 	 25.326850227006 
34.000000000000 	 20.000000000000 	 25.454442203424 
34.000000000000 	 21.000000000000 	 25.540186181417 
34.000000000000 	 22.000000000000 	 25.584983475190 
34.000000000000 	 23.000000000000 	 25.589159149533 
34.000000000000 	 24.000000000000 	 25.552467393638 
34.000000000000 	 25.000000000000 	 25.474071072031 
34.000000000000 	 26.000000000000 	 25.352493999239 
34.000000000000 	 27.000000000000 	 25.185542775974 
34.000000000000 	 28.000000000000 	 24.970193350828 
34.000000000000 	 29.000000000000 	 24.702436037349 
34.000000000000 	 30.000000000000 	 24.377072102362 
34.000000000000 	 31.000000000000 	 23.987456595546 
34.000000000000 	 32.000000000000 	 23.525188656174 
34.000000000000 	 33.000000000000 	 22.979767679859 
34.000000000000 	 34.000000000000 	 22.338271464769 
34.000000000000 	 35.000000000000 	 21.585186489793 
34.000000000000 	 36.000000000000 	 20.702649073321 
34.000000000000 	 37.000000000000 	 19.671541215129 
34.000000000000 	 38.000000000000 	 18.474053165359 
34.000000000000 	 39.000000000000 	 17.098204311056 

35.000000000000 	 1.000000000000 	 8.712328340395 
35.000000000000 	 2.000000000000 	 11.595494181565 
35.000000000000 	 3.000000000000 	 14.049819157446 
35.000000000000 	 4.000000000000 	 16.099738766711 
35.000000000000 	 5.000000000000 	 17.800243142190 
35.000000000000 	 6.000000000000 	 19.211922601993 
35.000000000000 	 7.000000000000 	 20.389461861852 
35.000000000000 	 8.000000000000 	 21.378081484496 
35.000000000000 	 9.000000000000 	 22.213633652320 
35.000000000000 	 10.000000000000 	 22.923992943519 
35.000000000000 	 11.000000000000 	 23.530672016102 
35.000000000000 	 12.000000000000 	 24.050260497406 
35.000000000000 	 13.000000000000 	 24.495583817516 
35.000000000000 	 14.000000000000 	 24.876593967632 
35.000000000000 	 15.000000000000 	 25.201038751202 
35.000000000000 	 16.000000000000 	 25.474959007465 
35.000000000000 	 17.000000000000 	 25.703055825229 
35.000000000000 	 18.000000000000 	 25.888960371968 
35.000000000000 	 19.000000000000 	 26.035430541807 
35.000000000000 	 20.000000000000 	 26.144491860535 
35.000000000000 	 21.000000000000 	 26.217534865505 
35.000000000000 	 22.000000000000 	 26.255377164220 
35.000000000000 	 23.000000000000 	 26.258295207624 
35.000000000000 	 24.000000000000 	 26.226028170368 
35.000000000000 	 25.000000000000 	 26.157753929893 
35.000000000000 	 26.000000000000 	 26.052034725819 
35.000000000000 	 27.000000000000 	 25.906727421830 
35.000000000000 	 28.000000000000 	 25.718850160872 
35.000000000000 	 29.000000000000 	 25.484393438497 
35.000000000000 	 30.000000000000 	 25.198059264641 
35.000000000000 	 31.000000000000 	 24.852907790669 
35.000000000000 	 32.000000000000 	 24.439888749012 
35.000000000000 	 33.000000000000 	 23.947241178690 
35.000000000000 	 34.000000000000 	 23.359773196384 
35.000000000000 	 35.000000000000 	 22.658114191023 
35.000000000000 	 36.000000000000 	 21.818221936796 
35.000000000000 	 37.000000000000 	 20.811811228944 
35.000000000000 	 38.000000000000 	 19.608993256425 
35.000000000000 	 39.000000000000 	 18.184980942311 

36.000000000000 	 1.000000000000 	 10.167013972632 
36.000000000000 	 2.000000000000 	 13.370212671889 
36.000000000000 	 3.000000000000 	 15.950213586131 
36.000000000000 	 4.000000000000 	 17.997681460078 
36.000000000000 	 5.000000000000 	 19.624430083628 
36.000000000000 	 6.000000000000 	 20.928800949325 
36.000000000000 	 7.000000000000 	 21.987570086366 
36.000000000000 	 8.000000000000 	 22.857850252741 
36.000000000000 	 9.000000000000 	 23.581415022617 
36.000000000000 	 10.000000000000 	 24.188773581736 
36.000000000000 	 11.000000000000 	 24.702344999085 
36.000000000000 	 12.000000000000 	 25.138760449517 
36.000000000000 	 13.000000000000 	 25.510486532676 
36.000000000000 	 14.000000000000 	 25.826960151416 
36.000000000000 	 15.000000000000 	 26.095382662873 
36.000000000000 	 16.000000000000 	 26.321278441796 
36.000000000000 	 17.000000000000 	 26.508890071472 
36.000000000000 	 18.000000000000 	 26.661459055664 
36.000000000000 	 19.000000000000 	 26.781424977238 
36.000000000000 	 20.000000000000 	 26.870565186698 
36.000000000000 	 21.000000000000 	 26.930089676160 
36.000000000000 	 22.000000000000 	 26.960700572885 
36.000000000000 	 23.000000000000 	 26.962621833533 
36.000000000000 	 24.000000000000 	 26.935601639046 
36.000000000000 	 25.000000000000 	 26.878887220378 
36.000000000000 	 26.000000000000 	 26.791168980442 
36.000000000000 	 27.000000000000 	 26.670487390848 
36.000000000000 	 28.000000000000 	 26.514091715796 
36.000000000000 	 29.000000000000 	 26.318233471379 
36.000000000000 	 30.000000000000 	 26.077868784010 
36.000000000000 	 31.000000000000 	 25.786231467565 
36.000000000000 	 32.000000000000 	 25.434222122678 
36.000000000000 	 33.000000000000 	 25.009539661324 
36.000000000000 	 34.000000000000 	 24.495470324810 
36.000000000000 	 35.000000000000 	 23.869279299866 
36.000000000000 	 36.000000000000 	 23.100317181509 
36.000000000000 	 37.000000000000 	 22.148492188693 
36.000000000000 	 38.000000000000 	 20.965131109729 
36.000000000000 	 39.000000000000 	 19.500928491890 

37.000000000000 	 1.000000000000 	 12.231131874777 
37.000000000000 	 2.000000000000 	 15.768129947366 
37.000000000000 	 3.000000000000 	 18.383142322081 
37.000000000000 	 4.000000000000 	 20.316344932734 
37.000000000000 	 5.000000000000 	 21.770996567809 
37.000000000000 	 6.000000000000 	 22.891283059282 
37.000000000000 	 7.000000000000 	 23.774169556714 
37.000000000000 	 8.000000000000 	 24.484336925029 
37.000000000000 	 9.000000000000 	 25.065405333878 
37.000000000000 	 10.000000000000 	 25.547344304008 
37.000000000000 	 11.000000000000 	 25.951177091951 
37.000000000000 	 12.000000000000 	 26.291953100363 
37.000000000000 	 13.000000000000 	 26.580645219303 
37.000000000000 	 14.000000000000 	 26.825381111526 
37.000000000000 	 15.000000000000 	 27.032257123895 
37.000000000000 	 16.000000000000 	 27.205885975173 
37.000000000000 	 17.000000000000 	 27.349771030675 
37.000000000000 	 18.000000000000 	 27.466564971365 
37.000000000000 	 19.000000000000 	 27.558249379920 
37.000000000000 	 20.000000000000 	 27.626258557258 
37.000000000000 	 21.000000000000 	 27.671562456456 
37.000000000000 	 22.000000000000 	 27.694718030069 
37.000000000000 	 23.000000000000 	 27.695894345460 
37.000000000000 	 24.000000000000 	 27.674873764054 
37.000000000000 	 25.000000000000 	 27.631028748370 
37.000000000000 	 26.000000000000 	 27.563270967940 
37.000000000000 	 27.000000000000 	 27.469965778526 
37.000000000000 	 28.000000000000 	 27.348800106482 
37.000000000000 	 29.000000000000 	 27.196584130272 
37.000000000000 	 30.000000000000 	 27.008955015960 
37.000000000000 	 31.000000000000 	 26.779931141034 
37.000000000000 	 32.000000000000 	 26.501232450185 
37.000000000000 	 33.000000000000 	 26.161228710865 
37.000000000000 	 34.000000000000 	 25.743292673477 
37.000000000000 	 35.000000000000 	 25.223218860312 
37.000000000000 	 36.000000000000 	 24.565278472234 
37.000000000000 	 37.000000000000 	 23.716712207212 
37.000000000000 	 38.000000000000 	 22.602113264083 
37.000000000000 	 39.000000000000 	 21.125487645730 

38.000000000000 	 1.000000000000 	 15.344926708418 
38.000000000000 	 2.000000000000 	 19.088033676263 
38.000000000000 	 3.000000000000 	 21.497881779218 
38.000000000000 	 4.000000000000 	 23.113560535963 
38.000000000000 	 5.000000000000 	 24.251929543976 
38.000000000000 	 6.000000000000 	 25.091166699831 
38.000000000000 	 7.000000000000 	 25.733489874939 
38.000000000000 	 8.000000000000 	 26.239924451098 
38.000000000000 	 9.000000000000 	 26.648527146380 
38.000000000000 	 10.000000000000 	 26.984023431202 
38.000000000000 	 11.000000000000 	 27.263068338687 
38.000000000000 	 12.000000000000 	 27.497232157417 
38.000000000000 	 13.000000000000 	 27.694762782028 
38.000000000000 	 14.000000000000 	 27.861664723249 
38.000000000000 	 15.000000000000 	 28.002381629405 
38.000000000000 	 16.000000000000 	 28.120240288181 
38.000000000000 	 17.000000000000 	 28.217746177442 
38.000000000000 	 18.000000000000 	 28.296783568943 
38.000000000000 	 19.000000000000 	 28.358752228343 
38.000000000000 	 20.000000000000 	 28.404660472804 
38.000000000000 	 21.000000000000 	 28.435186868848 
38.000000000000 	 22.000000000000 	 28.450718078831 
38.000000000000 	 23.000000000000 	 28.451367101474 
38.000000000000 	 24.000000000000 	 28.436973671584 
38.000000000000 	 25.000000000000 	 28.407086377337 
38.000000000000 	 26.000000000000 	 28.360923675700 
38.000000000000 	 27.000000000000 	 28.297307922330 
38.000000000000 	 28.000000000000 	 28.214562024364 
38.000000000000 	 29.000000000000 	 28.110351087336 
38.000000000000 	 30.000000000000 	 27.981439093388 
38.000000000000 	 31.000000000000 	 27.823308628129 
38.000000000000 	 32.000000000000 	 27.629550725089 
38.000000000000 	 33.000000000000 	 27.390852847383 
38.000000000000 	 34.000000000000 	 27.093255466009 
38.000000000000 	 35.000000000000 	 26.715027532596 
38.000000000000 	 36.000000000000 	 26.220868035835 
38.000000000000 	 37.000000000000 	 25.550967149489 
38.000000000000 	 38.000000000000 	 24.601124180332 
38.000000000000 	 39.000000000000 	 23.193921977701 

39.000000000000 	 1.000000000000 	 20.469962459132 
39.000000000000 	 2.000000000000 	 23.741196776352 
39.000000000000 	 3.000000000000 	 25.406791223947 
39.000000000000 	 4.000000000000 	 26.388086661899 
39.000000000000 	 5.000000000000 	 27.031995275871 
39.000000000000 	 6.000000000000 	 27.487965350789 
39.000000000000 	 7.000000000000 	 27.828699943877 
39.000000000000 	 8.000000000000 	 28.093345127443 
39.000000000000 	 9.000000000000 	 28.304756751461 
39.000000000000 	 10.000000000000 	 28.477155425217 
39.000000000000 	 11.000000000000 	 28.619842265248 
39.000000000000 	 12.000000000000 	 28.739146095084 
39.000000000000 	 13.000000000000 	 28.839510803525 
39.000000000000 	 14.000000000000 	 28.924135227425 
39.000000000000 	 15.000000000000 	 28.995366314491 
39.000000000000 	 16.000000000000 	 29.054949370220 
39.000000000000 	 17.000000000000 	 29.104191881058 
39.000000000000 	 18.000000000000 	 29.144073009299 
39.000000000000 	 19.000000000000 	 29.175317645796 
39.000000000000 	 20.000000000000 	 29.198446425918 
39.000000000000 	 21.000000000000 	 29.213808683033 
39.000000000000 	 22.000000000000 	 29.221602548656 
39.000000000000 	 23.000000000000 	 29.221884553076 
39.000000000000 	 24.000000000000 	 29.214569687170 
39.000000000000 	 25.000000000000 	 29.199421649337 
39.000000000000 	 26.000000000000 	 29.176031654120 
39.000000000000 	 27.000000000000 	 29.143782404338 
39.000000000000 	 28.000000000000 	 29.101791141098 
39.000000000000 	 29.000000000000 	 29.048821218922 
39.000000000000 	 30.000000000000 	 28.983143709329 
39.000000000000 	 31.000000000000 	 28.902315561804 
39.000000000000 	 32.000000000000 	 28.802810917260 
39.000000000000 	 33.000000000000 	 28.679378356453 
39.000000000000 	 34.000000000000 	 28.523850598498 
39.000000000000 	 35.000000000000 	 28.322769468254 
39.000000000000 	 36.000000000000 	 28.052200594563 
39.000000000000 	 37.000000000000 	 27.665165679416 
39.000000000000 	 38.000000000000 	 27.057495728358 
39.000000000000 	 39.000000000000 	 25.963693754996 

