1.000000000000 	 1.000000000000 	 27.076665948903 
1.000000000000 	 2.000000000000 	 31.358035965666 
1.000000000000 	 3.000000000000 	 33.499860234497 
1.000000000000 	 4.000000000000 	 34.730935723013 
1.000000000000 	 5.000000000000 	 35.514143097011 
1.000000000000 	 6.000000000000 	 36.049064386768 
1.000000000000 	 7.000000000000 	 36.432939421511 
1.000000000000 	 8.000000000000 	 36.718248613798 
1.000000000000 	 9.000000000000 	 36.935734039876 
1.000000000000 	 10.000000000000 	 37.104605085818 
1.000000000000 	 11.000000000000 	 37.237492051476 
1.000000000000 	 12.000000000000 	 37.343041947667 
1.000000000000 	 13.000000000000 	 37.427368076829 
1.000000000000 	 14.000000000000 	 37.494903194059 
1.000000000000 	 15.000000000000 	 37.548923893764 
1.000000000000 	 16.000000000000 	 37.591884595615 
1.000000000000 	 17.000000000000 	 37.625636419115 
1.000000000000 	 18.000000000000 	 37.651573707045 
1.000000000000 	 19.000000000000 	 37.670733346409 
1.000000000000 	 20.000000000000 	 37.683862063417 
1.000000000000 	 21.000000000000 	 37.691460964009 
1.000000000000 	 22.000000000000 	 37.693812908439 
1.000000000000 	 23.000000000000 	 37.690995839326 
1.000000000000 	 24.000000000000 	 37.682883330136 
1.000000000000 	 25.000000000000 	 37.669131977282 
1.000000000000 	 26.000000000000 	 37.649153467931 
1.000000000000 	 27.000000000000 	 37.622066794459 
1.000000000000 	 28.000000000000 	 37.586622508093 
1.000000000000 	 29.000000000000 	 37.541084952490 
1.000000000000 	 30.000000000000 	 37.483047829879 
1.000000000000 	 31.000000000000 	 37.409138489477 
1.000000000000 	 32.000000000000 	 37.314526418192 
1.000000000000 	 33.000000000000 	 37.192066331228 
1.000000000000 	 34.000000000000 	 37.030711237301 
1.000000000000 	 35.000000000000 	 36.812345923753 
1.000000000000 	 36.000000000000 	 36.504873496064 
1.000000000000 	 37.000000000000 	 36.045458774302 
1.000000000000 	 38.000000000000 	 35.294999745945 
1.000000000000 	 39.000000000000 	 33.899278433826 

2.000000000000 	 1.000000000000 	 20.027639775015 
2.000000000000 	 2.000000000000 	 24.858258831615 
2.000000000000 	 3.000000000000 	 27.913809655719 
2.000000000000 	 4.000000000000 	 29.913761976040 
2.000000000000 	 5.000000000000 	 31.281256137096 
2.000000000000 	 6.000000000000 	 32.254496663912 
2.000000000000 	 7.000000000000 	 32.970377574365 
2.000000000000 	 8.000000000000 	 33.510836020893 
2.000000000000 	 9.000000000000 	 33.927148194172 
2.000000000000 	 10.000000000000 	 34.252777229696 
2.000000000000 	 11.000000000000 	 34.510386180475 
2.000000000000 	 12.000000000000 	 34.715818015579 
2.000000000000 	 13.000000000000 	 34.880444973780 
2.000000000000 	 14.000000000000 	 35.012607225145 
2.000000000000 	 15.000000000000 	 35.118523251893 
2.000000000000 	 16.000000000000 	 35.202882509511 
2.000000000000 	 17.000000000000 	 35.269240392623 
2.000000000000 	 18.000000000000 	 35.320286109558 
2.000000000000 	 19.000000000000 	 35.358026124419 
2.000000000000 	 20.000000000000 	 35.383909453503 
2.000000000000 	 21.000000000000 	 35.398911137840 
2.000000000000 	 22.000000000000 	 35.403583855720 
2.000000000000 	 23.000000000000 	 35.398083297833 
2.000000000000 	 24.000000000000 	 35.382169630628 
2.000000000000 	 25.000000000000 	 35.355184441779 
2.000000000000 	 26.000000000000 	 35.315999401976 
2.000000000000 	 27.000000000000 	 35.262928801967 
2.000000000000 	 28.000000000000 	 35.193592123044 
2.000000000000 	 29.000000000000 	 35.104703158299 
2.000000000000 	 30.000000000000 	 34.991745764104 
2.000000000000 	 31.000000000000 	 34.848466967426 
2.000000000000 	 32.000000000000 	 34.666063560856 
2.000000000000 	 33.000000000000 	 34.431832920510 
2.000000000000 	 34.000000000000 	 34.126848701853 
2.000000000000 	 35.000000000000 	 33.721795184796 
2.000000000000 	 36.000000000000 	 33.169236557552 
2.000000000000 	 37.000000000000 	 32.389032514995 
2.000000000000 	 38.000000000000 	 31.241829807501 
2.000000000000 	 39.000000000000 	 29.490629305897 

3.000000000000 	 1.000000000000 	 15.662196034460 
3.000000000000 	 2.000000000000 	 20.138805178979 
3.000000000000 	 3.000000000000 	 23.390004174598 
3.000000000000 	 4.000000000000 	 25.737050013841 
3.000000000000 	 5.000000000000 	 27.451942547704 
3.000000000000 	 6.000000000000 	 28.727877313270 
3.000000000000 	 7.000000000000 	 29.695043192196 
3.000000000000 	 8.000000000000 	 30.440533015064 
3.000000000000 	 9.000000000000 	 31.023304572746 
3.000000000000 	 10.000000000000 	 31.484057732900 
3.000000000000 	 11.000000000000 	 31.851504822057 
3.000000000000 	 12.000000000000 	 32.146332485166 
3.000000000000 	 13.000000000000 	 32.383730837944 
3.000000000000 	 14.000000000000 	 32.575035187433 
3.000000000000 	 15.000000000000 	 32.728811808613 
3.000000000000 	 16.000000000000 	 32.851589213607 
3.000000000000 	 17.000000000000 	 32.948358558990 
3.000000000000 	 18.000000000000 	 33.022920165620 
3.000000000000 	 19.000000000000 	 33.078124748592 
3.000000000000 	 20.000000000000 	 33.116040349478 
3.000000000000 	 21.000000000000 	 33.138064737270 
3.000000000000 	 22.000000000000 	 33.144995601896 
3.000000000000 	 23.000000000000 	 33.137065622996 
3.000000000000 	 24.000000000000 	 33.113945433553 
3.000000000000 	 25.000000000000 	 33.074713871292 
3.000000000000 	 26.000000000000 	 33.017791069756 
3.000000000000 	 27.000000000000 	 32.940825161132 
3.000000000000 	 28.000000000000 	 32.840516654074 
3.000000000000 	 29.000000000000 	 32.712354376570 
3.000000000000 	 30.000000000000 	 32.550220704917 
3.000000000000 	 31.000000000000 	 32.345797378839 
3.000000000000 	 32.000000000000 	 32.087659488177 
3.000000000000 	 33.000000000000 	 31.759873385608 
3.000000000000 	 34.000000000000 	 31.339801263044 
3.000000000000 	 35.000000000000 	 30.794660085816 
3.000000000000 	 36.000000000000 	 30.076262259851 
3.000000000000 	 37.000000000000 	 29.113673805653 
3.000000000000 	 38.000000000000 	 27.805726441453 
3.000000000000 	 39.000000000000 	 26.023766419862 

4.000000000000 	 1.000000000000 	 12.699172618369 
4.000000000000 	 2.000000000000 	 16.652577559111 
4.000000000000 	 3.000000000000 	 19.780237015348 
4.000000000000 	 4.000000000000 	 22.204394771482 
4.000000000000 	 5.000000000000 	 24.075447530266 
4.000000000000 	 6.000000000000 	 25.525775005486 
4.000000000000 	 7.000000000000 	 26.658941885938 
4.000000000000 	 8.000000000000 	 27.552227997635 
4.000000000000 	 9.000000000000 	 28.262388762424 
4.000000000000 	 10.000000000000 	 28.831084382752 
4.000000000000 	 11.000000000000 	 29.289109421873 
4.000000000000 	 12.000000000000 	 29.659460692533 
4.000000000000 	 13.000000000000 	 29.959500900726 
4.000000000000 	 14.000000000000 	 30.202471892326 
4.000000000000 	 15.000000000000 	 30.398554333303 
4.000000000000 	 16.000000000000 	 30.555613878054 
4.000000000000 	 17.000000000000 	 30.679729975543 
4.000000000000 	 18.000000000000 	 30.775572366763 
4.000000000000 	 19.000000000000 	 30.846669041419 
4.000000000000 	 20.000000000000 	 30.895594974385 
4.000000000000 	 21.000000000000 	 30.924101072030 
4.000000000000 	 22.000000000000 	 30.933195813021 
4.000000000000 	 23.000000000000 	 30.923186949705 
4.000000000000 	 24.000000000000 	 30.893686548291 
4.000000000000 	 25.000000000000 	 30.843578974605 
4.000000000000 	 26.000000000000 	 30.770947633820 
4.000000000000 	 27.000000000000 	 30.672951777860 
4.000000000000 	 28.000000000000 	 30.545638812167 
4.000000000000 	 29.000000000000 	 30.383669359013 
4.000000000000 	 30.000000000000 	 30.179920690331 
4.000000000000 	 31.000000000000 	 29.924917696200 
4.000000000000 	 32.000000000000 	 29.606018542101 
4.000000000000 	 33.000000000000 	 29.206256972435 
4.000000000000 	 34.000000000000 	 28.702728105052 
4.000000000000 	 35.000000000000 	 28.064444607018 
4.000000000000 	 36.000000000000 	 27.249812993146 
4.000000000000 	 37.000000000000 	 26.204597987673 
4.000000000000 	 38.000000000000 	 24.863072303201 
4.000000000000 	 39.000000000000 	 23.158617890833 

5.000000000000 	 1.000000000000 	 10.552451952848 
5.000000000000 	 2.000000000000 	 14.002393346943 
5.000000000000 	 3.000000000000 	 16.886995889110 
5.000000000000 	 4.000000000000 	 19.240528030174 
5.000000000000 	 5.000000000000 	 21.137940284108 
5.000000000000 	 6.000000000000 	 22.661582486297 
5.000000000000 	 7.000000000000 	 23.885853834041 
5.000000000000 	 8.000000000000 	 24.872450582679 
5.000000000000 	 9.000000000000 	 25.670487571373 
5.000000000000 	 10.000000000000 	 26.318347831655 
5.000000000000 	 11.000000000000 	 26.845833453484 
5.000000000000 	 12.000000000000 	 27.276082034707 
5.000000000000 	 13.000000000000 	 27.627110926428 
5.000000000000 	 14.000000000000 	 27.913005115638 
5.000000000000 	 15.000000000000 	 28.144810681204 
5.000000000000 	 16.000000000000 	 28.331199628065 
5.000000000000 	 17.000000000000 	 28.478961948822 
5.000000000000 	 18.000000000000 	 28.593368238646 
5.000000000000 	 19.000000000000 	 28.678434967293 
5.000000000000 	 20.000000000000 	 28.737115503709 
5.000000000000 	 21.000000000000 	 28.771433045271 
5.000000000000 	 22.000000000000 	 28.782566272516 
5.000000000000 	 23.000000000000 	 28.770894350314 
5.000000000000 	 24.000000000000 	 28.736004397274 
5.000000000000 	 25.000000000000 	 28.676661371496 
5.000000000000 	 26.000000000000 	 28.590737134004 
5.000000000000 	 27.000000000000 	 28.475091931722 
5.000000000000 	 28.000000000000 	 28.325397391360 
5.000000000000 	 29.000000000000 	 28.135885116409 
5.000000000000 	 30.000000000000 	 27.898999192502 
5.000000000000 	 31.000000000000 	 27.604925196923 
5.000000000000 	 32.000000000000 	 27.240965612967 
5.000000000000 	 33.000000000000 	 26.790739723768 
5.000000000000 	 34.000000000000 	 26.233223776482 
5.000000000000 	 35.000000000000 	 25.541754694593 
5.000000000000 	 36.000000000000 	 24.683374096196 
5.000000000000 	 37.000000000000 	 23.619401508286 
5.000000000000 	 38.000000000000 	 22.308955795233 
5.000000000000 	 39.000000000000 	 20.717898487406 

6.000000000000 	 1.000000000000 	 8.922214953431 
6.000000000000 	 2.000000000000 	 11.930226058459 
6.000000000000 	 3.000000000000 	 14.540859797460 
6.000000000000 	 4.000000000000 	 16.752089591187 
6.000000000000 	 5.000000000000 	 18.596686566055 
6.000000000000 	 6.000000000000 	 20.122305752798 
6.000000000000 	 7.000000000000 	 21.378919450698 
6.000000000000 	 8.000000000000 	 22.412506375024 
6.000000000000 	 9.000000000000 	 23.262680057988 
6.000000000000 	 10.000000000000 	 23.962385736865 
6.000000000000 	 11.000000000000 	 24.538508180953 
6.000000000000 	 12.000000000000 	 25.012774462515 
6.000000000000 	 13.000000000000 	 25.402662910674 
6.000000000000 	 14.000000000000 	 25.722203620895 
6.000000000000 	 15.000000000000 	 25.982639791615 
6.000000000000 	 16.000000000000 	 26.192955272282 
6.000000000000 	 17.000000000000 	 26.360286443773 
6.000000000000 	 18.000000000000 	 26.490238733398 
6.000000000000 	 19.000000000000 	 26.587125994865 
6.000000000000 	 20.000000000000 	 26.654147563196 
6.000000000000 	 21.000000000000 	 26.693514250121 
6.000000000000 	 22.000000000000 	 26.706531309013 
6.000000000000 	 23.000000000000 	 26.693643546839 
6.000000000000 	 24.000000000000 	 26.654445224726 
6.000000000000 	 25.000000000000 	 26.587655050449 
6.000000000000 	 26.000000000000 	 26.491054309840 
6.000000000000 	 27.000000000000 	 26.361383937284 
6.000000000000 	 28.000000000000 	 26.194194123406 
6.000000000000 	 29.000000000000 	 25.983638172796 
6.000000000000 	 30.000000000000 	 25.722201528942 
6.000000000000 	 31.000000000000 	 25.400358974307 
6.000000000000 	 32.000000000000 	 25.006161781316 
6.000000000000 	 33.000000000000 	 24.524779460157 
6.000000000000 	 34.000000000000 	 23.938071066243 
6.000000000000 	 35.000000000000 	 23.224359736067 
6.000000000000 	 36.000000000000 	 22.358755570724 
6.000000000000 	 37.000000000000 	 21.314618707995 
6.000000000000 	 38.000000000000 	 20.066978723874 
6.000000000000 	 39.000000000000 	 18.598565873314 

7.000000000000 	 1.000000000000 	 7.640700960504 
7.000000000000 	 2.000000000000 	 10.270371497765 
7.000000000000 	 3.000000000000 	 12.613017199201 
7.000000000000 	 4.000000000000 	 14.653030186458 
7.000000000000 	 5.000000000000 	 16.400897221020 
7.000000000000 	 6.000000000000 	 17.882127628609 
7.000000000000 	 7.000000000000 	 19.128561511542 
7.000000000000 	 8.000000000000 	 20.172816984918 
7.000000000000 	 9.000000000000 	 21.045296291061 
7.000000000000 	 10.000000000000 	 21.772887551530 
7.000000000000 	 11.000000000000 	 22.378645550956 
7.000000000000 	 12.000000000000 	 22.881969558896 
7.000000000000 	 13.000000000000 	 23.298991558732 
7.000000000000 	 14.000000000000 	 23.643020026342 
7.000000000000 	 15.000000000000 	 23.924963656768 
7.000000000000 	 16.000000000000 	 24.153703383945 
7.000000000000 	 17.000000000000 	 24.336403647407 
7.000000000000 	 18.000000000000 	 24.478764443141 
7.000000000000 	 19.000000000000 	 24.585219869743 
7.000000000000 	 20.000000000000 	 24.659089823459 
7.000000000000 	 21.000000000000 	 24.702690917722 
7.000000000000 	 22.000000000000 	 24.717411483249 
7.000000000000 	 23.000000000000 	 24.703754070056 
7.000000000000 	 24.000000000000 	 24.661347416960 
7.000000000000 	 25.000000000000 	 24.588928466249 
7.000000000000 	 26.000000000000 	 24.484293746554 
7.000000000000 	 27.000000000000 	 24.344218436615 
7.000000000000 	 28.000000000000 	 24.164340896270 
7.000000000000 	 29.000000000000 	 23.939010905692 
7.000000000000 	 30.000000000000 	 23.661102252489 
7.000000000000 	 31.000000000000 	 23.321796405719 
7.000000000000 	 32.000000000000 	 22.910356821430 
7.000000000000 	 33.000000000000 	 22.413937645823 
7.000000000000 	 34.000000000000 	 21.817512557796 
7.000000000000 	 35.000000000000 	 21.104075061985 
7.000000000000 	 36.000000000000 	 20.255348438383 
7.000000000000 	 37.000000000000 	 19.253322558962 
7.000000000000 	 38.000000000000 	 18.082915763558 
7.000000000000 	 39.000000000000 	 16.735761018418 

8.000000000000 	 1.000000000000 	 6.607227704655 
8.000000000000 	 2.000000000000 	 8.914593315781 
8.000000000000 	 3.000000000000 	 11.009373309750 
8.000000000000 	 4.000000000000 	 12.872085843882 
8.000000000000 	 5.000000000000 	 14.501983950814 
8.000000000000 	 6.000000000000 	 15.911103018045 
8.000000000000 	 7.000000000000 	 17.118685274731 
8.000000000000 	 8.000000000000 	 18.146965385166 
8.000000000000 	 9.000000000000 	 19.018417599594 
8.000000000000 	 10.000000000000 	 19.754179016930 
8.000000000000 	 11.000000000000 	 20.373285320536 
8.000000000000 	 12.000000000000 	 20.892410245925 
8.000000000000 	 13.000000000000 	 21.325887872366 
8.000000000000 	 14.000000000000 	 21.685875174252 
8.000000000000 	 15.000000000000 	 21.982569671308 
8.000000000000 	 16.000000000000 	 22.224434827767 
8.000000000000 	 17.000000000000 	 22.418409019336 
8.000000000000 	 18.000000000000 	 22.570087255942 
8.000000000000 	 19.000000000000 	 22.683872090063 
8.000000000000 	 20.000000000000 	 22.763093733929 
8.000000000000 	 21.000000000000 	 22.810100918175 
8.000000000000 	 22.000000000000 	 22.826324394416 
8.000000000000 	 23.000000000000 	 22.812314771328 
8.000000000000 	 24.000000000000 	 22.767755908244 
8.000000000000 	 25.000000000000 	 22.691454586021 
8.000000000000 	 26.000000000000 	 22.581306810040 
8.000000000000 	 27.000000000000 	 22.434241085356 
8.000000000000 	 28.000000000000 	 22.246139655412 
8.000000000000 	 29.000000000000 	 22.011740526559 
8.000000000000 	 30.000000000000 	 21.724526935934 
8.000000000000 	 31.000000000000 	 21.376618022349 
8.000000000000 	 32.000000000000 	 20.958686593126 
8.000000000000 	 33.000000000000 	 20.459949114248 
8.000000000000 	 34.000000000000 	 19.868300845945 
8.000000000000 	 35.000000000000 	 19.170703747272 
8.000000000000 	 36.000000000000 	 18.353966329069 
8.000000000000 	 37.000000000000 	 17.406056054390 
8.000000000000 	 38.000000000000 	 16.318004478018 
8.000000000000 	 39.000000000000 	 15.086236473712 

9.000000000000 	 1.000000000000 	 5.757978397873 
9.000000000000 	 2.000000000000 	 7.790412110291 
9.000000000000 	 3.000000000000 	 9.661841558351 
9.000000000000 	 4.000000000000 	 11.352909791653 
9.000000000000 	 5.000000000000 	 12.857564730719 
9.000000000000 	 6.000000000000 	 14.179921016037 
9.000000000000 	 7.000000000000 	 15.330816850679 
9.000000000000 	 8.000000000000 	 16.324837637585 
9.000000000000 	 9.000000000000 	 17.178089703747 
9.000000000000 	 10.000000000000 	 17.906708758331 
9.000000000000 	 11.000000000000 	 18.525959322899 
9.000000000000 	 12.000000000000 	 19.049756712828 
9.000000000000 	 13.000000000000 	 19.490465878164 
9.000000000000 	 14.000000000000 	 19.858867779048 
9.000000000000 	 15.000000000000 	 20.164218173978 
9.000000000000 	 16.000000000000 	 20.414350425314 
9.000000000000 	 17.000000000000 	 20.615792812591 
9.000000000000 	 18.000000000000 	 20.773883326991 
9.000000000000 	 19.000000000000 	 20.892872750771 
9.000000000000 	 20.000000000000 	 20.976011505396 
9.000000000000 	 21.000000000000 	 21.025618403021 
9.000000000000 	 22.000000000000 	 21.043130837808 
9.000000000000 	 23.000000000000 	 21.029136631299 
9.000000000000 	 24.000000000000 	 20.983388055417 
9.000000000000 	 25.000000000000 	 20.904798756807 
9.000000000000 	 26.000000000000 	 20.791424619163 
9.000000000000 	 27.000000000000 	 20.640430263294 
9.000000000000 	 28.000000000000 	 20.448044199688 
9.000000000000 	 29.000000000000 	 20.209508029185 
9.000000000000 	 30.000000000000 	 19.919029096212 
9.000000000000 	 31.000000000000 	 19.569752338955 
9.000000000000 	 32.000000000000 	 19.153776471350 
9.000000000000 	 33.000000000000 	 18.662252419889 
9.000000000000 	 34.000000000000 	 18.085617205735 
9.000000000000 	 35.000000000000 	 17.414030348831 
9.000000000000 	 36.000000000000 	 16.638083078243 
9.000000000000 	 37.000000000000 	 15.749826159952 
9.000000000000 	 38.000000000000 	 14.744086965484 
9.000000000000 	 39.000000000000 	 13.619904877496 

10.000000000000 	 1.000000000000 	 5.050724214213 
10.000000000000 	 2.000000000000 	 6.848037874137 
10.000000000000 	 3.000000000000 	 8.520981309309 
10.000000000000 	 4.000000000000 	 10.051829072788 
10.000000000000 	 5.000000000000 	 11.432335967794 
10.000000000000 	 6.000000000000 	 12.662114619848 
10.000000000000 	 7.000000000000 	 13.746553071981 
10.000000000000 	 8.000000000000 	 14.694793323651 
10.000000000000 	 9.000000000000 	 15.518047081485 
10.000000000000 	 10.000000000000 	 16.228333224785 
10.000000000000 	 11.000000000000 	 16.837609352608 
10.000000000000 	 12.000000000000 	 17.357221926708 
10.000000000000 	 13.000000000000 	 17.797590901600 
10.000000000000 	 14.000000000000 	 18.168054925893 
10.000000000000 	 15.000000000000 	 18.476819516050 
10.000000000000 	 16.000000000000 	 18.730966608851 
10.000000000000 	 17.000000000000 	 18.936497066139 
10.000000000000 	 18.000000000000 	 19.098387550767 
10.000000000000 	 19.000000000000 	 19.220650109799 
10.000000000000 	 20.000000000000 	 19.306387445323 
10.000000000000 	 21.000000000000 	 19.357839864902 
10.000000000000 	 22.000000000000 	 19.376421811567 
10.000000000000 	 23.000000000000 	 19.362747084624 
10.000000000000 	 24.000000000000 	 19.316642686389 
10.000000000000 	 25.000000000000 	 19.237151910973 
10.000000000000 	 26.000000000000 	 19.122528043417 
10.000000000000 	 27.000000000000 	 18.970221075377 
10.000000000000 	 28.000000000000 	 18.776861406941 
10.000000000000 	 29.000000000000 	 18.538246871975 
10.000000000000 	 30.000000000000 	 18.249342902666 
10.000000000000 	 31.000000000000 	 17.904310506525 
10.000000000000 	 32.000000000000 	 17.496583029422 
10.000000000000 	 33.000000000000 	 17.019019938058 
10.000000000000 	 34.000000000000 	 16.464172456228 
10.000000000000 	 35.000000000000 	 15.824698257957 
10.000000000000 	 36.000000000000 	 15.093954282162 
10.000000000000 	 37.000000000000 	 14.266769402881 
10.000000000000 	 38.000000000000 	 13.340344346386 
10.000000000000 	 39.000000000000 	 12.315146590889 

11.000000000000 	 1.000000000000 	 4.456543144835 
11.000000000000 	 2.000000000000 	 6.052450516476 
11.000000000000 	 3.000000000000 	 7.550568265508 
11.000000000000 	 4.000000000000 	 8.935229265669 
11.000000000000 	 5.000000000000 	 10.197589445222 
11.000000000000 	 6.000000000000 	 11.334815499105 
11.000000000000 	 7.000000000000 	 12.348842529329 
11.000000000000 	 8.000000000000 	 13.245031379088 
11.000000000000 	 9.000000000000 	 14.030942015154 
11.000000000000 	 10.000000000000 	 14.715327687964 
11.000000000000 	 11.000000000000 	 15.307374082919 
11.000000000000 	 12.000000000000 	 15.816161686184 
11.000000000000 	 13.000000000000 	 16.250310028365 
11.000000000000 	 14.000000000000 	 16.617759181351 
11.000000000000 	 15.000000000000 	 16.925648751679 
11.000000000000 	 16.000000000000 	 17.180262424471 
11.000000000000 	 17.000000000000 	 17.387014044987 
11.000000000000 	 18.000000000000 	 17.550458039135 
11.000000000000 	 19.000000000000 	 17.674312322231 
11.000000000000 	 20.000000000000 	 17.761485813372 
11.000000000000 	 21.000000000000 	 17.814105515377 
11.000000000000 	 22.000000000000 	 17.833540125814 
11.000000000000 	 23.000000000000 	 17.820418579265 
11.000000000000 	 24.000000000000 	 17.774643013343 
11.000000000000 	 25.000000000000 	 17.695396597195 
11.000000000000 	 26.000000000000 	 17.581147636726 
11.000000000000 	 27.000000000000 	 17.429652542153 
11.000000000000 	 28.000000000000 	 17.237961775174 
11.000000000000 	 29.000000000000 	 17.002434940353 
11.000000000000 	 30.000000000000 	 16.718773863527 
11.000000000000 	 31.000000000000 	 16.382085810871 
11.000000000000 	 32.000000000000 	 15.986992695388 
11.000000000000 	 33.000000000000 	 15.527805467104 
11.000000000000 	 34.000000000000 	 14.998784391314 
11.000000000000 	 35.000000000000 	 14.394503045474 
11.000000000000 	 36.000000000000 	 13.710323066863 
11.000000000000 	 37.000000000000 	 12.942964315365 
11.000000000000 	 38.000000000000 	 12.091119920046 
11.000000000000 	 39.000000000000 	 11.156023101434 

12.000000000000 	 1.000000000000 	 3.955068065579 
12.000000000000 	 2.000000000000 	 5.378500150321 
12.000000000000 	 3.000000000000 	 6.723773004620 
12.000000000000 	 4.000000000000 	 7.977249265601 
12.000000000000 	 5.000000000000 	 9.130268289879 
12.000000000000 	 6.000000000000 	 10.178765201077 
12.000000000000 	 7.000000000000 	 11.122539036761 
12.000000000000 	 8.000000000000 	 11.964372695191 
12.000000000000 	 9.000000000000 	 12.709159334876 
12.000000000000 	 10.000000000000 	 13.363129073173 
12.000000000000 	 11.000000000000 	 13.933217520274 
12.000000000000 	 12.000000000000 	 14.426581654057 
12.000000000000 	 13.000000000000 	 14.850248204774 
12.000000000000 	 14.000000000000 	 15.210871066574 
12.000000000000 	 15.000000000000 	 15.514572886600 
12.000000000000 	 16.000000000000 	 15.766848419819 
12.000000000000 	 17.000000000000 	 15.972511177886 
12.000000000000 	 18.000000000000 	 16.135669031170 
12.000000000000 	 19.000000000000 	 16.259718115263 
12.000000000000 	 20.000000000000 	 16.347347429926 
12.000000000000 	 21.000000000000 	 16.400548902571 
12.000000000000 	 22.000000000000 	 16.420629524455 
12.000000000000 	 23.000000000000 	 16.408223595469 
12.000000000000 	 24.000000000000 	 16.363304276699 
12.000000000000 	 25.000000000000 	 16.285194684420 
12.000000000000 	 26.000000000000 	 16.172579789684 
12.000000000000 	 27.000000000000 	 16.023521526703 
12.000000000000 	 28.000000000000 	 15.835480856358 
12.000000000000 	 29.000000000000 	 15.605352141557 
12.000000000000 	 30.000000000000 	 15.329517066465 
12.000000000000 	 31.000000000000 	 15.003927345407 
12.000000000000 	 32.000000000000 	 14.624227278414 
12.000000000000 	 33.000000000000 	 14.185928147418 
12.000000000000 	 34.000000000000 	 13.684645402547 
12.000000000000 	 35.000000000000 	 13.116405015174 
12.000000000000 	 36.000000000000 	 12.478015560901 
12.000000000000 	 37.000000000000 	 11.767486450321 
12.000000000000 	 38.000000000000 	 10.984451230918 
12.000000000000 	 39.000000000000 	 10.130532907121 

13.000000000000 	 1.000000000000 	 3.531629674683 
13.000000000000 	 2.000000000000 	 4.807800915161 
13.000000000000 	 3.000000000000 	 6.020509395314 
13.000000000000 	 4.000000000000 	 7.157940878385 
13.000000000000 	 5.000000000000 	 8.211967552369 
13.000000000000 	 6.000000000000 	 9.177995360969 
13.000000000000 	 7.000000000000 	 10.054540195333 
13.000000000000 	 8.000000000000 	 10.842655981456 
13.000000000000 	 9.000000000000 	 11.545320371572 
13.000000000000 	 10.000000000000 	 12.166852505362 
13.000000000000 	 11.000000000000 	 12.712405423003 
13.000000000000 	 12.000000000000 	 13.187550227014 
13.000000000000 	 13.000000000000 	 13.597951988579 
13.000000000000 	 14.000000000000 	 13.949127778358 
13.000000000000 	 15.000000000000 	 14.246273084444 
13.000000000000 	 16.000000000000 	 14.494142246159 
13.000000000000 	 17.000000000000 	 14.696969792061 
13.000000000000 	 18.000000000000 	 14.858421647267 
13.000000000000 	 19.000000000000 	 14.981567428311 
13.000000000000 	 20.000000000000 	 15.068867145112 
13.000000000000 	 21.000000000000 	 15.122167450024 
13.000000000000 	 22.000000000000 	 15.142704099423 
13.000000000000 	 23.000000000000 	 15.131108568852 
13.000000000000 	 24.000000000000 	 15.087417859542 
13.000000000000 	 25.000000000000 	 15.011087530605 
13.000000000000 	 26.000000000000 	 14.901008962329 
13.000000000000 	 27.000000000000 	 14.755532865611 
13.000000000000 	 28.000000000000 	 14.572502142562 
13.000000000000 	 29.000000000000 	 14.349298377700 
13.000000000000 	 30.000000000000 	 14.082907437031 
13.000000000000 	 31.000000000000 	 13.770010709284 
13.000000000000 	 32.000000000000 	 13.407109123734 
13.000000000000 	 33.000000000000 	 12.990686710905 
13.000000000000 	 34.000000000000 	 12.517418421998 
13.000000000000 	 35.000000000000 	 11.984422363824 
13.000000000000 	 36.000000000000 	 11.389548869456 
13.000000000000 	 37.000000000000 	 10.731687920010 
13.000000000000 	 38.000000000000 	 10.011063773511 
13.000000000000 	 39.000000000000 	 9.229474679440 

14.000000000000 	 1.000000000000 	 3.175471798854 
14.000000000000 	 2.000000000000 	 4.326714326744 
14.000000000000 	 3.000000000000 	 5.425595931125 
14.000000000000 	 4.000000000000 	 6.461862961013 
14.000000000000 	 5.000000000000 	 7.428040224982 
14.000000000000 	 6.000000000000 	 8.319397591103 
14.000000000000 	 7.000000000000 	 9.133711437320 
14.000000000000 	 8.000000000000 	 9.870895359785 
14.000000000000 	 9.000000000000 	 10.532570816307 
14.000000000000 	 10.000000000000 	 11.121633431107 
14.000000000000 	 11.000000000000 	 11.641852191914 
14.000000000000 	 12.000000000000 	 12.097521847793 
14.000000000000 	 13.000000000000 	 12.493175850387 
14.000000000000 	 14.000000000000 	 12.833358590602 
14.000000000000 	 15.000000000000 	 13.122450830473 
14.000000000000 	 16.000000000000 	 13.364540115335 
14.000000000000 	 17.000000000000 	 13.563327607593 
14.000000000000 	 18.000000000000 	 13.722063446706 
14.000000000000 	 19.000000000000 	 13.843503882065 
14.000000000000 	 20.000000000000 	 13.929884719702 
14.000000000000 	 21.000000000000 	 13.982906893645 
14.000000000000 	 22.000000000000 	 14.003731141098 
14.000000000000 	 23.000000000000 	 13.992979811470 
14.000000000000 	 24.000000000000 	 13.950744789535 
14.000000000000 	 25.000000000000 	 13.876601394548 
14.000000000000 	 26.000000000000 	 13.769628963622 
14.000000000000 	 27.000000000000 	 13.628439664017 
14.000000000000 	 28.000000000000 	 13.451217910455 
14.000000000000 	 29.000000000000 	 13.235773561469 
14.000000000000 	 30.000000000000 	 12.979612752467 
14.000000000000 	 31.000000000000 	 12.680030638518 
14.000000000000 	 32.000000000000 	 12.334230219934 
14.000000000000 	 33.000000000000 	 11.939470464131 
14.000000000000 	 34.000000000000 	 11.493244707466 
14.000000000000 	 35.000000000000 	 10.993486444491 
14.000000000000 	 36.000000000000 	 10.438793944020 
14.000000000000 	 37.000000000000 	 9.828658054306 
14.000000000000 	 38.000000000000 	 9.163670299791 
14.000000000000 	 39.000000000000 	 8.445683130073 

15.000000000000 	 1.000000000000 	 2.878601488748 
15.000000000000 	 2.000000000000 	 3.925011836878 
15.000000000000 	 3.000000000000 	 4.927474682800 
15.000000000000 	 4.000000000000 	 5.877030465248 
15.000000000000 	 5.000000000000 	 6.766856035462 
15.000000000000 	 6.000000000000 	 7.592292006071 
15.000000000000 	 7.000000000000 	 8.350715309655 
15.000000000000 	 8.000000000000 	 9.041302045783 
15.000000000000 	 9.000000000000 	 9.664727480530 
15.000000000000 	 10.000000000000 	 10.222843728859 
15.000000000000 	 11.000000000000 	 10.718365429341 
15.000000000000 	 12.000000000000 	 11.154582978104 
15.000000000000 	 13.000000000000 	 11.535113642713 
15.000000000000 	 14.000000000000 	 11.863693949151 
15.000000000000 	 15.000000000000 	 12.144012150021 
15.000000000000 	 16.000000000000 	 12.379576954480 
15.000000000000 	 17.000000000000 	 12.573617517201 
15.000000000000 	 18.000000000000 	 12.729009462173 
15.000000000000 	 19.000000000000 	 12.848222074106 
15.000000000000 	 20.000000000000 	 12.933282453535 
15.000000000000 	 21.000000000000 	 12.985753226823 
15.000000000000 	 22.000000000000 	 13.006721228450 
15.000000000000 	 23.000000000000 	 12.996795380384 
15.000000000000 	 24.000000000000 	 12.956112763526 
15.000000000000 	 25.000000000000 	 12.884352607463 
15.000000000000 	 26.000000000000 	 12.780758619692 
15.000000000000 	 27.000000000000 	 12.644170731745 
15.000000000000 	 28.000000000000 	 12.473067939541 
15.000000000000 	 29.000000000000 	 12.265624416042 
15.000000000000 	 30.000000000000 	 12.019781396683 
15.000000000000 	 31.000000000000 	 11.733337357722 
15.000000000000 	 32.000000000000 	 11.404058551637 
15.000000000000 	 33.000000000000 	 11.029810822687 
15.000000000000 	 34.000000000000 	 10.608711593337 
15.000000000000 	 35.000000000000 	 10.139297864169 
15.000000000000 	 36.000000000000 	 9.620702088684 
15.000000000000 	 37.000000000000 	 9.052823309372 
15.000000000000 	 38.000000000000 	 8.436476881837 
15.000000000000 	 39.000000000000 	 7.773503812023 

16.000000000000 	 1.000000000000 	 2.635029910396 
16.000000000000 	 2.000000000000 	 3.594972243623 
16.000000000000 	 3.000000000000 	 4.517313624755 
16.000000000000 	 4.000000000000 	 5.394138068142 
16.000000000000 	 5.000000000000 	 6.219212270328 
16.000000000000 	 6.000000000000 	 6.988042487677 
16.000000000000 	 7.000000000000 	 7.697813387914 
16.000000000000 	 8.000000000000 	 8.347236371819 
16.000000000000 	 9.000000000000 	 8.936338531949 
16.000000000000 	 10.000000000000 	 9.466221469968 
16.000000000000 	 11.000000000000 	 9.938813884080 
16.000000000000 	 12.000000000000 	 10.356635259813 
16.000000000000 	 13.000000000000 	 10.722581650204 
16.000000000000 	 14.000000000000 	 11.039739245190 
16.000000000000 	 15.000000000000 	 11.311227498188 
16.000000000000 	 16.000000000000 	 11.540070951595 
16.000000000000 	 17.000000000000 	 11.729097363123 
16.000000000000 	 18.000000000000 	 11.880859012230 
16.000000000000 	 19.000000000000 	 11.997573909339 
16.000000000000 	 20.000000000000 	 12.081083836773 
16.000000000000 	 21.000000000000 	 12.132826570339 
16.000000000000 	 22.000000000000 	 12.153820162938 
16.000000000000 	 23.000000000000 	 12.144657752319 
16.000000000000 	 24.000000000000 	 12.105511945376 
16.000000000000 	 25.000000000000 	 12.036148407598 
16.000000000000 	 26.000000000000 	 11.935948830416 
16.000000000000 	 27.000000000000 	 11.803943941070 
16.000000000000 	 28.000000000000 	 11.638857629340 
16.000000000000 	 29.000000000000 	 11.439163546613 
16.000000000000 	 30.000000000000 	 11.203155617261 
16.000000000000 	 31.000000000000 	 10.929033698309 
16.000000000000 	 32.000000000000 	 10.615005019963 
16.000000000000 	 33.000000000000 	 10.259400923470 
16.000000000000 	 34.000000000000 	 9.860806701886 
16.000000000000 	 35.000000000000 	 9.418200047463 
16.000000000000 	 36.000000000000 	 8.931090876340 
16.000000000000 	 37.000000000000 	 8.399652519982 
16.000000000000 	 38.000000000000 	 7.824832072287 
16.000000000000 	 39.000000000000 	 7.208426861338 

17.000000000000 	 1.000000000000 	 2.440262511393 
17.000000000000 	 2.000000000000 	 3.330765093195 
17.000000000000 	 3.000000000000 	 4.188375364628 
17.000000000000 	 4.000000000000 	 5.005991798337 
17.000000000000 	 5.000000000000 	 5.777878561050 
17.000000000000 	 6.000000000000 	 6.499735553020 
17.000000000000 	 7.000000000000 	 7.168676324813 
17.000000000000 	 8.000000000000 	 7.783130910475 
17.000000000000 	 9.000000000000 	 8.342694659882 
17.000000000000 	 10.000000000000 	 8.847944347549 
17.000000000000 	 11.000000000000 	 9.300240341571 
17.000000000000 	 12.000000000000 	 9.701529705460 
17.000000000000 	 13.000000000000 	 10.054160829621 
17.000000000000 	 14.000000000000 	 10.360716252349 
17.000000000000 	 15.000000000000 	 10.623867102003 
17.000000000000 	 16.000000000000 	 10.846250186994 
17.000000000000 	 17.000000000000 	 11.030367133735 
17.000000000000 	 18.000000000000 	 11.178503999974 
17.000000000000 	 19.000000000000 	 11.292669323696 
17.000000000000 	 20.000000000000 	 11.374548465296 
17.000000000000 	 21.000000000000 	 11.425472245766 
17.000000000000 	 22.000000000000 	 11.446398185144 
17.000000000000 	 23.000000000000 	 11.437903036557 
17.000000000000 	 24.000000000000 	 11.400185743509 
17.000000000000 	 25.000000000000 	 11.333080385238 
17.000000000000 	 26.000000000000 	 11.236079086655 
17.000000000000 	 27.000000000000 	 11.108365225047 
17.000000000000 	 28.000000000000 	 10.948857529854 
17.000000000000 	 29.000000000000 	 10.756265800088 
17.000000000000 	 30.000000000000 	 10.529158901168 
17.000000000000 	 31.000000000000 	 10.266045385227 
17.000000000000 	 32.000000000000 	 9.965466441004 
17.000000000000 	 33.000000000000 	 9.626099869908 
17.000000000000 	 34.000000000000 	 9.246872391906 
17.000000000000 	 35.000000000000 	 8.827075869752 
17.000000000000 	 36.000000000000 	 8.366481173124 
17.000000000000 	 37.000000000000 	 7.865441688716 
17.000000000000 	 38.000000000000 	 7.324977342369 
17.000000000000 	 39.000000000000 	 6.746829909496 

18.000000000000 	 1.000000000000 	 2.290953698819 
18.000000000000 	 2.000000000000 	 3.128027516398 
18.000000000000 	 3.000000000000 	 3.935574118324 
18.000000000000 	 4.000000000000 	 4.707097686462 
18.000000000000 	 5.000000000000 	 5.437253885935 
18.000000000000 	 6.000000000000 	 6.121924789725 
18.000000000000 	 7.000000000000 	 6.758219093525 
18.000000000000 	 8.000000000000 	 7.344408583708 
18.000000000000 	 9.000000000000 	 7.879815703706 
18.000000000000 	 10.000000000000 	 8.364668239526 
18.000000000000 	 11.000000000000 	 8.799936199438 
18.000000000000 	 12.000000000000 	 9.187163669702 
18.000000000000 	 13.000000000000 	 9.528305520791 
18.000000000000 	 14.000000000000 	 9.825575883570 
18.000000000000 	 15.000000000000 	 10.081312676827 
18.000000000000 	 16.000000000000 	 10.297860329700 
18.000000000000 	 17.000000000000 	 10.477471254249 
18.000000000000 	 18.000000000000 	 10.622225549397 
18.000000000000 	 19.000000000000 	 10.733967779519 
18.000000000000 	 20.000000000000 	 10.814259376578 
18.000000000000 	 21.000000000000 	 10.864345174460 
18.000000000000 	 22.000000000000 	 10.885132720264 
18.000000000000 	 23.000000000000 	 10.877183255501 
18.000000000000 	 24.000000000000 	 10.840713568895 
18.000000000000 	 25.000000000000 	 10.775608249231 
18.000000000000 	 26.000000000000 	 10.681442174458 
18.000000000000 	 27.000000000000 	 10.557513326377 
18.000000000000 	 28.000000000000 	 10.402886181606 
18.000000000000 	 29.000000000000 	 10.216445958378 
18.000000000000 	 30.000000000000 	 9.996963851397 
18.000000000000 	 31.000000000000 	 9.743173020003 
18.000000000000 	 32.000000000000 	 9.453854472974 
18.000000000000 	 33.000000000000 	 9.127931102128 
18.000000000000 	 34.000000000000 	 8.764566980731 
18.000000000000 	 35.000000000000 	 8.363267744269 
18.000000000000 	 36.000000000000 	 7.923976567940 
18.000000000000 	 37.000000000000 	 7.447159182178 
18.000000000000 	 38.000000000000 	 6.933870814846 
18.000000000000 	 39.000000000000 	 6.385798204854 

19.000000000000 	 1.000000000000 	 2.184674050224 
19.000000000000 	 2.000000000000 	 2.983576075170 
19.000000000000 	 3.000000000000 	 3.755168831931 
19.000000000000 	 4.000000000000 	 4.493370086815 
19.000000000000 	 5.000000000000 	 5.193115917908 
19.000000000000 	 6.000000000000 	 5.850436588363 
19.000000000000 	 7.000000000000 	 6.462468369997 
19.000000000000 	 8.000000000000 	 7.027409008259 
19.000000000000 	 9.000000000000 	 7.544428140457 
19.000000000000 	 10.000000000000 	 8.013545552235 
19.000000000000 	 11.000000000000 	 8.435489988213 
19.000000000000 	 12.000000000000 	 8.811549826318 
19.000000000000 	 13.000000000000 	 9.143424821876 
19.000000000000 	 14.000000000000 	 9.433085791751 
19.000000000000 	 15.000000000000 	 9.682646878825 
19.000000000000 	 16.000000000000 	 9.894253118191 
19.000000000000 	 17.000000000000 	 10.069984512003 
19.000000000000 	 18.000000000000 	 10.211776722948 
19.000000000000 	 19.000000000000 	 10.321357779788 
19.000000000000 	 20.000000000000 	 10.400199790699 
19.000000000000 	 21.000000000000 	 10.449484511436 
19.000000000000 	 22.000000000000 	 10.470081648660 
19.000000000000 	 23.000000000000 	 10.462538934143 
19.000000000000 	 24.000000000000 	 10.427083231276 
19.000000000000 	 25.000000000000 	 10.363632186840 
19.000000000000 	 26.000000000000 	 10.271816178468 
19.000000000000 	 27.000000000000 	 10.151010494197 
19.000000000000 	 28.000000000000 	 10.000377778000 
19.000000000000 	 29.000000000000 	 9.818920747009 
19.000000000000 	 30.000000000000 	 9.605544996417 
19.000000000000 	 31.000000000000 	 9.359131326181 
19.000000000000 	 32.000000000000 	 9.078616431508 
19.000000000000 	 33.000000000000 	 8.763080001781 
19.000000000000 	 34.000000000000 	 8.411835310536 
19.000000000000 	 35.000000000000 	 8.024519340387 
19.000000000000 	 36.000000000000 	 7.601177513002 
19.000000000000 	 37.000000000000 	 7.142337374633 
19.000000000000 	 38.000000000000 	 6.649065335021 
19.000000000000 	 39.000000000000 	 6.123000962684 

20.000000000000 	 1.000000000000 	 2.119757834056 
20.000000000000 	 2.000000000000 	 2.895216579207 
20.000000000000 	 3.000000000000 	 3.644558019874 
20.000000000000 	 4.000000000000 	 4.361933234445 
20.000000000000 	 5.000000000000 	 5.042446649899 
20.000000000000 	 6.000000000000 	 5.682231100325 
20.000000000000 	 7.000000000000 	 6.278463841962 
20.000000000000 	 8.000000000000 	 6.829329910923 
20.000000000000 	 9.000000000000 	 7.333942646951 
20.000000000000 	 10.000000000000 	 7.792232874300 
20.000000000000 	 11.000000000000 	 8.204818335848 
20.000000000000 	 12.000000000000 	 8.572863919086 
20.000000000000 	 13.000000000000 	 8.897941450296 
20.000000000000 	 14.000000000000 	 9.181895780360 
20.000000000000 	 15.000000000000 	 9.426721859802 
20.000000000000 	 16.000000000000 	 9.634455708154 
20.000000000000 	 17.000000000000 	 9.807080729825 
20.000000000000 	 18.000000000000 	 9.946449745604 
20.000000000000 	 19.000000000000 	 10.054222375396 
20.000000000000 	 20.000000000000 	 10.131816975448 
20.000000000000 	 21.000000000000 	 10.180376142211 
20.000000000000 	 22.000000000000 	 10.200744784032 
20.000000000000 	 23.000000000000 	 10.193459874321 
20.000000000000 	 24.000000000000 	 10.158751185379 
20.000000000000 	 25.000000000000 	 10.096552516222 
20.000000000000 	 26.000000000000 	 10.006523130515 
20.000000000000 	 27.000000000000 	 9.888079274668 
20.000000000000 	 28.000000000000 	 9.740435715215 
20.000000000000 	 29.000000000000 	 9.562657183789 
20.000000000000 	 30.000000000000 	 9.353719415320 
20.000000000000 	 31.000000000000 	 9.112579085381 
20.000000000000 	 32.000000000000 	 8.838251384777 
20.000000000000 	 33.000000000000 	 8.529893225048 
20.000000000000 	 34.000000000000 	 8.186889192844 
20.000000000000 	 35.000000000000 	 7.808936450944 
20.000000000000 	 36.000000000000 	 7.396123950732 
20.000000000000 	 37.000000000000 	 6.949000743148 
20.000000000000 	 38.000000000000 	 6.468628032758 
20.000000000000 	 39.000000000000 	 5.956610066318 

21.000000000000 	 1.000000000000 	 2.095211118028 
21.000000000000 	 2.000000000000 	 2.861628811073 
21.000000000000 	 3.000000000000 	 3.602154196674 
21.000000000000 	 4.000000000000 	 4.310998176150 
21.000000000000 	 5.000000000000 	 4.983322437293 
21.000000000000 	 6.000000000000 	 5.615312725021 
21.000000000000 	 7.000000000000 	 6.204192934215 
21.000000000000 	 8.000000000000 	 6.748186743605 
21.000000000000 	 9.000000000000 	 7.246436891989 
21.000000000000 	 10.000000000000 	 7.698893756472 
21.000000000000 	 11.000000000000 	 8.106184873443 
21.000000000000 	 12.000000000000 	 8.469475879299 
21.000000000000 	 13.000000000000 	 8.790331514294 
21.000000000000 	 14.000000000000 	 9.070583247145 
21.000000000000 	 15.000000000000 	 9.312208051467 
21.000000000000 	 16.000000000000 	 9.517221093504 
21.000000000000 	 17.000000000000 	 9.687583669689 
21.000000000000 	 18.000000000000 	 9.825126683728 
21.000000000000 	 19.000000000000 	 9.931489250322 
21.000000000000 	 20.000000000000 	 10.008071604913 
21.000000000000 	 21.000000000000 	 10.056001325273 
21.000000000000 	 22.000000000000 	 10.076111870742 
21.000000000000 	 23.000000000000 	 10.068932563259 
21.000000000000 	 24.000000000000 	 10.034689322230 
21.000000000000 	 25.000000000000 	 9.973315680203 
21.000000000000 	 26.000000000000 	 9.884473809863 
21.000000000000 	 27.000000000000 	 9.767585449079 
21.000000000000 	 28.000000000000 	 9.621872684614 
21.000000000000 	 29.000000000000 	 9.446408512253 
21.000000000000 	 30.000000000000 	 9.240176899246 
21.000000000000 	 31.000000000000 	 9.002141707873 
21.000000000000 	 32.000000000000 	 8.731323282906 
21.000000000000 	 33.000000000000 	 8.426880769094 
21.000000000000 	 34.000000000000 	 8.088197348378 
21.000000000000 	 35.000000000000 	 7.714964653738 
21.000000000000 	 36.000000000000 	 7.307261757367 
21.000000000000 	 37.000000000000 	 6.865623515358 
21.000000000000 	 38.000000000000 	 6.391092866967 
21.000000000000 	 39.000000000000 	 5.885252098553 

22.000000000000 	 1.000000000000 	 2.110669202052 
22.000000000000 	 2.000000000000 	 2.882312813422 
22.000000000000 	 3.000000000000 	 3.627324785300 
22.000000000000 	 4.000000000000 	 4.339804072559 
22.000000000000 	 5.000000000000 	 5.014860669321 
22.000000000000 	 6.000000000000 	 5.648685816242 
22.000000000000 	 7.000000000000 	 6.238557722268 
22.000000000000 	 8.000000000000 	 6.782791578098 
22.000000000000 	 9.000000000000 	 7.280646061941 
22.000000000000 	 10.000000000000 	 7.732199742747 
22.000000000000 	 11.000000000000 	 8.138210213088 
22.000000000000 	 12.000000000000 	 8.499967041180 
22.000000000000 	 13.000000000000 	 8.819147310936 
22.000000000000 	 14.000000000000 	 9.097680090628 
22.000000000000 	 15.000000000000 	 9.337623949070 
22.000000000000 	 16.000000000000 	 9.541059792845 
22.000000000000 	 17.000000000000 	 9.709999888029 
22.000000000000 	 18.000000000000 	 9.846312941358 
22.000000000000 	 19.000000000000 	 9.951664495023 
22.000000000000 	 20.000000000000 	 10.027471566217 
22.000000000000 	 21.000000000000 	 10.074870365895 
22.000000000000 	 22.000000000000 	 10.094695996085 
22.000000000000 	 23.000000000000 	 10.087473196261 
22.000000000000 	 24.000000000000 	 10.053417440434 
22.000000000000 	 25.000000000000 	 9.992445938747 
22.000000000000 	 26.000000000000 	 9.904198335754 
22.000000000000 	 27.000000000000 	 9.788067089266 
22.000000000000 	 28.000000000000 	 9.643237625034 
22.000000000000 	 29.000000000000 	 9.468738358422 
22.000000000000 	 30.000000000000 	 9.263500518301 
22.000000000000 	 31.000000000000 	 9.026427366551 
22.000000000000 	 32.000000000000 	 8.756471853624 
22.000000000000 	 33.000000000000 	 8.452720980437 
22.000000000000 	 34.000000000000 	 8.114484176617 
22.000000000000 	 35.000000000000 	 7.741381930110 
22.000000000000 	 36.000000000000 	 7.333429848236 
22.000000000000 	 37.000000000000 	 6.891112490579 
22.000000000000 	 38.000000000000 	 6.415440924465 
22.000000000000 	 39.000000000000 	 5.907988242723 

23.000000000000 	 1.000000000000 	 2.166398437691 
23.000000000000 	 2.000000000000 	 2.957590805561 
23.000000000000 	 3.000000000000 	 3.720393519662 
23.000000000000 	 4.000000000000 	 4.448618643035 
23.000000000000 	 5.000000000000 	 5.137219109457 
23.000000000000 	 6.000000000000 	 5.782353101083 
23.000000000000 	 7.000000000000 	 6.381372887841 
23.000000000000 	 8.000000000000 	 6.932751221621 
23.000000000000 	 9.000000000000 	 7.435961801103 
23.000000000000 	 10.000000000000 	 7.891330735183 
23.000000000000 	 11.000000000000 	 8.299874200254 
23.000000000000 	 12.000000000000 	 8.663134575505 
23.000000000000 	 13.000000000000 	 8.983024064418 
23.000000000000 	 14.000000000000 	 9.261681727326 
23.000000000000 	 15.000000000000 	 9.501347264644 
23.000000000000 	 16.000000000000 	 9.704252913139 
23.000000000000 	 17.000000000000 	 9.872533432721 
23.000000000000 	 18.000000000000 	 10.008153286843 
23.000000000000 	 19.000000000000 	 10.112849650401 
23.000000000000 	 20.000000000000 	 10.188089711209 
23.000000000000 	 21.000000000000 	 10.235040775000 
23.000000000000 	 22.000000000000 	 10.254551867685 
23.000000000000 	 23.000000000000 	 10.247145797147 
23.000000000000 	 24.000000000000 	 10.213020948571 
23.000000000000 	 25.000000000000 	 10.152062409401 
23.000000000000 	 26.000000000000 	 10.063862324455 
23.000000000000 	 27.000000000000 	 9.947749640626 
23.000000000000 	 28.000000000000 	 9.802829583150 
23.000000000000 	 29.000000000000 	 9.628033274865 
23.000000000000 	 30.000000000000 	 9.422177822712 
23.000000000000 	 31.000000000000 	 9.184036903624 
23.000000000000 	 32.000000000000 	 8.912421337439 
23.000000000000 	 33.000000000000 	 8.606268303528 
23.000000000000 	 34.000000000000 	 8.264736738504 
23.000000000000 	 35.000000000000 	 7.887305100588 
23.000000000000 	 36.000000000000 	 7.473866241417 
23.000000000000 	 37.000000000000 	 7.024812828120 
23.000000000000 	 38.000000000000 	 6.541105936121 
23.000000000000 	 39.000000000000 	 6.024319448948 

24.000000000000 	 1.000000000000 	 2.263342968220 
24.000000000000 	 2.000000000000 	 3.088665270542 
24.000000000000 	 3.000000000000 	 3.882702696307 
24.000000000000 	 4.000000000000 	 4.638797793718 
24.000000000000 	 5.000000000000 	 5.351647597714 
24.000000000000 	 6.000000000000 	 6.017356212356 
24.000000000000 	 7.000000000000 	 6.633393935532 
24.000000000000 	 8.000000000000 	 7.198483715721 
24.000000000000 	 9.000000000000 	 7.712438779995 
24.000000000000 	 10.000000000000 	 8.175974028402 
24.000000000000 	 11.000000000000 	 8.590509933460 
24.000000000000 	 12.000000000000 	 8.957982792561 
24.000000000000 	 13.000000000000 	 9.280670394165 
24.000000000000 	 14.000000000000 	 9.561038116598 
24.000000000000 	 15.000000000000 	 9.801607420715 
24.000000000000 	 16.000000000000 	 10.004846605285 
24.000000000000 	 17.000000000000 	 10.173082416424 
24.000000000000 	 18.000000000000 	 10.308430447670 
24.000000000000 	 19.000000000000 	 10.412742052987 
24.000000000000 	 20.000000000000 	 10.487565571405 
24.000000000000 	 21.000000000000 	 10.534119917183 
24.000000000000 	 22.000000000000 	 10.553278945721 
24.000000000000 	 23.000000000000 	 10.545565411488 
24.000000000000 	 24.000000000000 	 10.511153757449 
24.000000000000 	 25.000000000000 	 10.449881393923 
24.000000000000 	 26.000000000000 	 10.361268521099 
24.000000000000 	 27.000000000000 	 10.244546904815 
24.000000000000 	 28.000000000000 	 10.098698303949 
24.000000000000 	 29.000000000000 	 9.922503432807 
24.000000000000 	 30.000000000000 	 9.714602370808 
24.000000000000 	 31.000000000000 	 9.473567135771 
24.000000000000 	 32.000000000000 	 9.197986634682 
24.000000000000 	 33.000000000000 	 8.886563315617 
24.000000000000 	 34.000000000000 	 8.538219510522 
24.000000000000 	 35.000000000000 	 8.152209690688 
24.000000000000 	 36.000000000000 	 7.728232783183 
24.000000000000 	 37.000000000000 	 7.266536612331 
24.000000000000 	 38.000000000000 	 6.768004914016 
24.000000000000 	 39.000000000000 	 6.234216825256 

25.000000000000 	 1.000000000000 	 2.403222588571 
25.000000000000 	 2.000000000000 	 3.277740420973 
25.000000000000 	 3.000000000000 	 4.116743096062 
25.000000000000 	 4.000000000000 	 4.912909770018 
25.000000000000 	 5.000000000000 	 5.660595404592 
25.000000000000 	 6.000000000000 	 6.355859532239 
25.000000000000 	 7.000000000000 	 6.996375130497 
25.000000000000 	 8.000000000000 	 7.581251494882 
25.000000000000 	 9.000000000000 	 8.110806563642 
25.000000000000 	 10.000000000000 	 8.586319568739 
25.000000000000 	 11.000000000000 	 9.009787331648 
25.000000000000 	 12.000000000000 	 9.383699515499 
25.000000000000 	 13.000000000000 	 9.710841208069 
25.000000000000 	 14.000000000000 	 9.994125971497 
25.000000000000 	 15.000000000000 	 10.236458985221 
25.000000000000 	 16.000000000000 	 10.440627852283 
25.000000000000 	 17.000000000000 	 10.609217661547 
25.000000000000 	 18.000000000000 	 10.744546645654 
25.000000000000 	 19.000000000000 	 10.848618964633 
25.000000000000 	 20.000000000000 	 10.923091576742 
25.000000000000 	 21.000000000000 	 10.969252701486 
25.000000000000 	 22.000000000000 	 10.988009958382 
25.000000000000 	 23.000000000000 	 10.979886839914 
25.000000000000 	 24.000000000000 	 10.945026731849 
25.000000000000 	 25.000000000000 	 10.883204224498 
25.000000000000 	 26.000000000000 	 10.793843963838 
25.000000000000 	 27.000000000000 	 10.676047767029 
25.000000000000 	 28.000000000000 	 10.528631157445 
25.000000000000 	 29.000000000000 	 10.350170825946 
25.000000000000 	 30.000000000000 	 10.139064737832 
25.000000000000 	 31.000000000000 	 9.893606585555 
25.000000000000 	 32.000000000000 	 9.612075907862 
25.000000000000 	 33.000000000000 	 9.292844302327 
25.000000000000 	 34.000000000000 	 8.934496599695 
25.000000000000 	 35.000000000000 	 8.535963556922 
25.000000000000 	 36.000000000000 	 8.096659628859 
25.000000000000 	 37.000000000000 	 7.616616030823 
25.000000000000 	 38.000000000000 	 7.096596291812 
25.000000000000 	 39.000000000000 	 6.538179829309 

26.000000000000 	 1.000000000000 	 2.588694901249 
26.000000000000 	 2.000000000000 	 3.528222309266 
26.000000000000 	 3.000000000000 	 4.426365946988 
26.000000000000 	 4.000000000000 	 5.274935039155 
26.000000000000 	 5.000000000000 	 6.067881153660 
26.000000000000 	 6.000000000000 	 6.801279975959 
26.000000000000 	 7.000000000000 	 7.473156290167 
26.000000000000 	 8.000000000000 	 8.083208001515 
26.000000000000 	 9.000000000000 	 8.632482408222 
26.000000000000 	 10.000000000000 	 9.123046852887 
26.000000000000 	 11.000000000000 	 9.557682104907 
26.000000000000 	 12.000000000000 	 9.939614183089 
26.000000000000 	 13.000000000000 	 10.272290613859 
26.000000000000 	 14.000000000000 	 10.559200656099 
26.000000000000 	 15.000000000000 	 10.803735339765 
26.000000000000 	 16.000000000000 	 11.009081520422 
26.000000000000 	 17.000000000000 	 11.178143828309 
26.000000000000 	 18.000000000000 	 11.313488822211 
26.000000000000 	 19.000000000000 	 11.417306453497 
26.000000000000 	 20.000000000000 	 11.491384862129 
26.000000000000 	 21.000000000000 	 11.537095433023 
26.000000000000 	 22.000000000000 	 11.555385880144 
26.000000000000 	 23.000000000000 	 11.546779884041 
26.000000000000 	 24.000000000000 	 11.511382497410 
26.000000000000 	 25.000000000000 	 11.448891174709 
26.000000000000 	 26.000000000000 	 11.358612899006 
26.000000000000 	 27.000000000000 	 11.239488488934 
26.000000000000 	 28.000000000000 	 11.090125773291 
26.000000000000 	 29.000000000000 	 10.908843897742 
26.000000000000 	 30.000000000000 	 10.693731516500 
26.000000000000 	 31.000000000000 	 10.442721906488 
26.000000000000 	 32.000000000000 	 10.153687938546 
26.000000000000 	 33.000000000000 	 9.824559093618 
26.000000000000 	 34.000000000000 	 9.453461016755 
26.000000000000 	 35.000000000000 	 9.038875179563 
26.000000000000 	 36.000000000000 	 8.579811967345 
26.000000000000 	 37.000000000000 	 8.075985210885 
26.000000000000 	 38.000000000000 	 7.527970766923 
26.000000000000 	 39.000000000000 	 6.937327866953 

27.000000000000 	 1.000000000000 	 2.823604764605 
27.000000000000 	 2.000000000000 	 3.845023878808 
27.000000000000 	 3.000000000000 	 4.817101108186 
27.000000000000 	 4.000000000000 	 5.730560079074 
27.000000000000 	 5.000000000000 	 6.578935837241 
27.000000000000 	 6.000000000000 	 7.358465961191 
27.000000000000 	 7.000000000000 	 8.067776052500 
27.000000000000 	 8.000000000000 	 8.707451879648 
27.000000000000 	 9.000000000000 	 9.279577587064 
27.000000000000 	 10.000000000000 	 9.787296055493 
27.000000000000 	 11.000000000000 	 10.234423663672 
27.000000000000 	 12.000000000000 	 10.625132633221 
27.000000000000 	 13.000000000000 	 10.963701329298 
27.000000000000 	 14.000000000000 	 11.254325669568 
27.000000000000 	 15.000000000000 	 11.500981678761 
27.000000000000 	 16.000000000000 	 11.707328710424 
27.000000000000 	 17.000000000000 	 11.876643754808 
27.000000000000 	 18.000000000000 	 12.011778759794 
27.000000000000 	 19.000000000000 	 12.115134533445 
27.000000000000 	 20.000000000000 	 12.188646328614 
27.000000000000 	 21.000000000000 	 12.233777536623 
27.000000000000 	 22.000000000000 	 12.251519028127 
27.000000000000 	 23.000000000000 	 12.242392608414 
27.000000000000 	 24.000000000000 	 12.206457853923 
27.000000000000 	 25.000000000000 	 12.143322324297 
27.000000000000 	 26.000000000000 	 12.052155854776 
27.000000000000 	 27.000000000000 	 11.931710373624 
27.000000000000 	 28.000000000000 	 11.780347489063 
27.000000000000 	 29.000000000000 	 11.596076952074 
27.000000000000 	 30.000000000000 	 11.376609979632 
27.000000000000 	 31.000000000000 	 11.119432194604 
27.000000000000 	 32.000000000000 	 10.821901367710 
27.000000000000 	 33.000000000000 	 10.481374851817 
27.000000000000 	 34.000000000000 	 10.095370046115 
27.000000000000 	 35.000000000000 	 9.661757800123 
27.000000000000 	 36.000000000000 	 9.178982866083 
27.000000000000 	 37.000000000000 	 8.646297342049 
27.000000000000 	 38.000000000000 	 8.063983578569 
27.000000000000 	 39.000000000000 	 7.433534826927 

28.000000000000 	 1.000000000000 	 3.113359162637 
28.000000000000 	 2.000000000000 	 4.235017685152 
28.000000000000 	 3.000000000000 	 5.296619329365 
28.000000000000 	 4.000000000000 	 6.287591846254 
28.000000000000 	 5.000000000000 	 7.201132657334 
28.000000000000 	 6.000000000000 	 8.033927739620 
28.000000000000 	 7.000000000000 	 8.785605575644 
28.000000000000 	 8.000000000000 	 9.458078178959 
28.000000000000 	 9.000000000000 	 10.054885269206 
28.000000000000 	 10.000000000000 	 10.580612148887 
28.000000000000 	 11.000000000000 	 11.040412664142 
28.000000000000 	 12.000000000000 	 11.439641648914 
28.000000000000 	 13.000000000000 	 11.783586018124 
28.000000000000 	 14.000000000000 	 12.077277185983 
28.000000000000 	 15.000000000000 	 12.325366445012 
28.000000000000 	 16.000000000000 	 12.532046742440 
28.000000000000 	 17.000000000000 	 12.701007211802 
28.000000000000 	 18.000000000000 	 12.835409878532 
28.000000000000 	 19.000000000000 	 12.937880690064 
28.000000000000 	 20.000000000000 	 13.010509262943 
28.000000000000 	 21.000000000000 	 13.054853495243 
28.000000000000 	 22.000000000000 	 13.071946541193 
28.000000000000 	 23.000000000000 	 13.062304691014 
28.000000000000 	 24.000000000000 	 13.025935550063 
28.000000000000 	 25.000000000000 	 12.962346668504 
28.000000000000 	 26.000000000000 	 12.870555528465 
28.000000000000 	 27.000000000000 	 12.749102633727 
28.000000000000 	 28.000000000000 	 12.596070438241 
28.000000000000 	 29.000000000000 	 12.409112041218 
28.000000000000 	 30.000000000000 	 12.185494966369 
28.000000000000 	 31.000000000000 	 11.922166836678 
28.000000000000 	 32.000000000000 	 11.615851098796 
28.000000000000 	 33.000000000000 	 11.263181640557 
28.000000000000 	 34.000000000000 	 10.860884352083 
28.000000000000 	 35.000000000000 	 10.406010247334 
28.000000000000 	 36.000000000000 	 9.896217406179 
28.000000000000 	 37.000000000000 	 9.330086899991 
28.000000000000 	 38.000000000000 	 8.707441764359 
28.000000000000 	 39.000000000000 	 8.029621630975 

29.000000000000 	 1.000000000000 	 3.465490443151 
29.000000000000 	 2.000000000000 	 4.707704904422 
29.000000000000 	 3.000000000000 	 5.875396300997 
29.000000000000 	 4.000000000000 	 6.956530220823 
29.000000000000 	 5.000000000000 	 7.944219113647 
29.000000000000 	 6.000000000000 	 8.836116826053 
29.000000000000 	 7.000000000000 	 9.633489216029 
29.000000000000 	 8.000000000000 	 10.340208149365 
29.000000000000 	 9.000000000000 	 10.961831197675 
29.000000000000 	 10.000000000000 	 11.504845703803 
29.000000000000 	 11.000000000000 	 11.976095543965 
29.000000000000 	 12.000000000000 	 12.382374457672 
29.000000000000 	 13.000000000000 	 12.730155164907 
29.000000000000 	 14.000000000000 	 13.025421027679 
29.000000000000 	 15.000000000000 	 13.273570655600 
29.000000000000 	 16.000000000000 	 13.479371695374 
29.000000000000 	 17.000000000000 	 13.646945969678 
29.000000000000 	 18.000000000000 	 13.779773213981 
29.000000000000 	 19.000000000000 	 13.880704641919 
29.000000000000 	 20.000000000000 	 13.951980517619 
29.000000000000 	 21.000000000000 	 13.995248018721 
29.000000000000 	 22.000000000000 	 14.011577153902 
29.000000000000 	 23.000000000000 	 14.001473553151 
29.000000000000 	 24.000000000000 	 13.964887749112 
29.000000000000 	 25.000000000000 	 13.901221260429 
29.000000000000 	 26.000000000000 	 13.809330503875 
29.000000000000 	 27.000000000000 	 13.687530425936 
29.000000000000 	 28.000000000000 	 13.533600878979 
29.000000000000 	 29.000000000000 	 13.344800288700 
29.000000000000 	 30.000000000000 	 13.117893154566 
29.000000000000 	 31.000000000000 	 12.849200395085 
29.000000000000 	 32.000000000000 	 12.534684307914 
29.000000000000 	 33.000000000000 	 12.170082417540 
29.000000000000 	 34.000000000000 	 11.751105608246 
29.000000000000 	 35.000000000000 	 11.273713783382 
29.000000000000 	 36.000000000000 	 10.734474197413 
29.000000000000 	 37.000000000000 	 10.130990842314 
29.000000000000 	 38.000000000000 	 9.462366891097 
29.000000000000 	 39.000000000000 	 8.729630293332 

30.000000000000 	 1.000000000000 	 3.890513608213 
30.000000000000 	 2.000000000000 	 5.276211685942 
30.000000000000 	 3.000000000000 	 6.567665557378 
30.000000000000 	 4.000000000000 	 7.751347681346 
30.000000000000 	 5.000000000000 	 8.820864223242 
30.000000000000 	 6.000000000000 	 9.775741279186 
30.000000000000 	 7.000000000000 	 10.619865055411 
30.000000000000 	 8.000000000000 	 11.359966669395 
30.000000000000 	 9.000000000000 	 12.004358807686 
30.000000000000 	 10.000000000000 	 12.561987701906 
30.000000000000 	 11.000000000000 	 13.041779822740 
30.000000000000 	 12.000000000000 	 13.452226831107 
30.000000000000 	 13.000000000000 	 13.801145875302 
30.000000000000 	 14.000000000000 	 14.095559973327 
30.000000000000 	 15.000000000000 	 14.341655453471 
30.000000000000 	 16.000000000000 	 14.544785418545 
30.000000000000 	 17.000000000000 	 14.709498057579 
30.000000000000 	 18.000000000000 	 14.839575992334 
30.000000000000 	 19.000000000000 	 14.938078011615 
30.000000000000 	 20.000000000000 	 15.007378007275 
30.000000000000 	 21.000000000000 	 15.049198162893 
30.000000000000 	 22.000000000000 	 15.064634856912 
30.000000000000 	 23.000000000000 	 15.054176632073 
30.000000000000 	 24.000000000000 	 15.017714184143 
30.000000000000 	 25.000000000000 	 14.954542818505 
30.000000000000 	 26.000000000000 	 14.863358373341 
30.000000000000 	 27.000000000000 	 14.742248373525 
30.000000000000 	 28.000000000000 	 14.588681339563 
30.000000000000 	 29.000000000000 	 14.399498939946 
30.000000000000 	 30.000000000000 	 14.170918272951 
30.000000000000 	 31.000000000000 	 13.898555196836 
30.000000000000 	 32.000000000000 	 13.577484343965 
30.000000000000 	 33.000000000000 	 13.202356892562 
30.000000000000 	 34.000000000000 	 12.767602116898 
30.000000000000 	 35.000000000000 	 12.267740513296 
30.000000000000 	 36.000000000000 	 11.697830200129 
30.000000000000 	 37.000000000000 	 11.054047801659 
30.000000000000 	 38.000000000000 	 10.334364283350 
30.000000000000 	 39.000000000000 	 9.539216484348 

31.000000000000 	 1.000000000000 	 4.403260320098 
31.000000000000 	 2.000000000000 	 5.958795691648 
31.000000000000 	 3.000000000000 	 7.392790429647 
31.000000000000 	 4.000000000000 	 8.690535939973 
31.000000000000 	 5.000000000000 	 9.847320942147 
31.000000000000 	 6.000000000000 	 10.866080315386 
31.000000000000 	 7.000000000000 	 11.754814364895 
31.000000000000 	 8.000000000000 	 12.524357335888 
31.000000000000 	 9.000000000000 	 13.186707665281 
31.000000000000 	 10.000000000000 	 13.753908516265 
31.000000000000 	 11.000000000000 	 14.237370866405 
31.000000000000 	 12.000000000000 	 14.647512949289 
31.000000000000 	 13.000000000000 	 14.993606911509 
31.000000000000 	 14.000000000000 	 15.283750828319 
31.000000000000 	 15.000000000000 	 15.524909872582 
31.000000000000 	 16.000000000000 	 15.722990468960 
31.000000000000 	 17.000000000000 	 15.882925417929 
31.000000000000 	 18.000000000000 	 16.008757321219 
31.000000000000 	 19.000000000000 	 16.103713496144 
31.000000000000 	 20.000000000000 	 16.170269058722 
31.000000000000 	 21.000000000000 	 16.210196826201 
31.000000000000 	 22.000000000000 	 16.224603724448 
31.000000000000 	 23.000000000000 	 16.213953878381 
31.000000000000 	 24.000000000000 	 16.178078781361 
31.000000000000 	 25.000000000000 	 16.116175076391 
31.000000000000 	 26.000000000000 	 16.026790704518 
31.000000000000 	 27.000000000000 	 15.907800661919 
31.000000000000 	 28.000000000000 	 15.756374582833 
31.000000000000 	 29.000000000000 	 15.568940141337 
31.000000000000 	 30.000000000000 	 15.341149262581 
31.000000000000 	 31.000000000000 	 15.067858881041 
31.000000000000 	 32.000000000000 	 14.743145019675 
31.000000000000 	 33.000000000000 	 14.360378550336 
31.000000000000 	 34.000000000000 	 13.912402444207 
31.000000000000 	 35.000000000000 	 13.391860736629 
31.000000000000 	 36.000000000000 	 12.791731840714 
31.000000000000 	 37.000000000000 	 12.106100497654 
31.000000000000 	 38.000000000000 	 11.331146272905 
31.000000000000 	 39.000000000000 	 10.466220377702 

32.000000000000 	 1.000000000000 	 5.025017568639 
32.000000000000 	 2.000000000000 	 6.781170253204 
32.000000000000 	 3.000000000000 	 8.377246173745 
32.000000000000 	 4.000000000000 	 9.798478907385 
32.000000000000 	 5.000000000000 	 11.044167934959 
32.000000000000 	 6.000000000000 	 12.123216224266 
32.000000000000 	 7.000000000000 	 13.049949929359 
32.000000000000 	 8.000000000000 	 13.840958259172 
32.000000000000 	 9.000000000000 	 14.513028865795 
32.000000000000 	 10.000000000000 	 15.081964710956 
32.000000000000 	 11.000000000000 	 15.562009749504 
32.000000000000 	 12.000000000000 	 15.965651961203 
32.000000000000 	 13.000000000000 	 16.303638149674 
32.000000000000 	 14.000000000000 	 16.585093691577 
32.000000000000 	 15.000000000000 	 16.817683472002 
32.000000000000 	 16.000000000000 	 17.007778595877 
32.000000000000 	 17.000000000000 	 17.160610833418 
32.000000000000 	 18.000000000000 	 17.280406773420 
32.000000000000 	 19.000000000000 	 17.370499076662 
32.000000000000 	 20.000000000000 	 17.433414903160 
32.000000000000 	 21.000000000000 	 17.470942705054 
32.000000000000 	 22.000000000000 	 17.484178840849 
32.000000000000 	 23.000000000000 	 17.473555294190 
32.000000000000 	 24.000000000000 	 17.438849419163 
32.000000000000 	 25.000000000000 	 17.379176244740 
32.000000000000 	 26.000000000000 	 17.292963586987 
32.000000000000 	 27.000000000000 	 17.177910196951 
32.000000000000 	 28.000000000000 	 17.030927651819 
32.000000000000 	 29.000000000000 	 16.848068062005 
32.000000000000 	 30.000000000000 	 16.624442535963 
32.000000000000 	 31.000000000000 	 16.354140664930 
32.000000000000 	 32.000000000000 	 16.030170384805 
32.000000000000 	 33.000000000000 	 15.644451994930 
32.000000000000 	 34.000000000000 	 15.187920958445 
32.000000000000 	 35.000000000000 	 14.650820136208 
32.000000000000 	 36.000000000000 	 14.023285777150 
32.000000000000 	 37.000000000000 	 13.296332659638 
32.000000000000 	 38.000000000000 	 12.463283482658 
32.000000000000 	 39.000000000000 	 11.521515985841 

33.000000000000 	 1.000000000000 	 5.787087708183 
33.000000000000 	 2.000000000000 	 7.780173936610 
33.000000000000 	 3.000000000000 	 9.557479749653 
33.000000000000 	 4.000000000000 	 11.107174432375 
33.000000000000 	 5.000000000000 	 12.437009831421 
33.000000000000 	 6.000000000000 	 13.566017868894 
33.000000000000 	 7.000000000000 	 14.517992778789 
33.000000000000 	 8.000000000000 	 15.317327099317 
33.000000000000 	 9.000000000000 	 15.986766318948 
33.000000000000 	 10.000000000000 	 16.546434775908 
33.000000000000 	 11.000000000000 	 17.013595406930 
33.000000000000 	 12.000000000000 	 17.402781915344 
33.000000000000 	 13.000000000000 	 17.726088461350 
33.000000000000 	 14.000000000000 	 17.993500813329 
33.000000000000 	 15.000000000000 	 18.213212341966 
33.000000000000 	 16.000000000000 	 18.391901196530 
33.000000000000 	 17.000000000000 	 18.534961953466 
33.000000000000 	 18.000000000000 	 18.646692956882 
33.000000000000 	 19.000000000000 	 18.730443691231 
33.000000000000 	 20.000000000000 	 18.788727222737 
33.000000000000 	 21.000000000000 	 18.823302301708 
33.000000000000 	 22.000000000000 	 18.835228792341 
33.000000000000 	 23.000000000000 	 18.824899010111 
33.000000000000 	 24.000000000000 	 18.792046445125 
33.000000000000 	 25.000000000000 	 18.735732299519 
33.000000000000 	 26.000000000000 	 18.654309317480 
33.000000000000 	 27.000000000000 	 18.545361620632 
33.000000000000 	 28.000000000000 	 18.405618859531 
33.000000000000 	 29.000000000000 	 18.230843326359 
33.000000000000 	 30.000000000000 	 18.015690467121 
33.000000000000 	 31.000000000000 	 17.753547801278 
33.000000000000 	 32.000000000000 	 17.436366857290 
33.000000000000 	 33.000000000000 	 17.054520896355 
33.000000000000 	 34.000000000000 	 16.596752677777 
33.000000000000 	 35.000000000000 	 16.050325697787 
33.000000000000 	 36.000000000000 	 15.401557508342 
33.000000000000 	 37.000000000000 	 14.636972981373 
33.000000000000 	 38.000000000000 	 13.745301128215 
33.000000000000 	 39.000000000000 	 12.720314867131 

34.000000000000 	 1.000000000000 	 6.736995505544 
34.000000000000 	 2.000000000000 	 9.009705039899 
34.000000000000 	 3.000000000000 	 10.983975775130 
34.000000000000 	 4.000000000000 	 12.658188583171 
34.000000000000 	 5.000000000000 	 14.056831620370 
34.000000000000 	 6.000000000000 	 15.215566211507 
34.000000000000 	 7.000000000000 	 16.171802730291 
34.000000000000 	 8.000000000000 	 16.959967923958 
34.000000000000 	 9.000000000000 	 17.609726288368 
34.000000000000 	 10.000000000000 	 18.145752440288 
34.000000000000 	 11.000000000000 	 18.588186362363 
34.000000000000 	 12.000000000000 	 18.953309573511 
34.000000000000 	 13.000000000000 	 19.254225711463 
34.000000000000 	 14.000000000000 	 19.501459619413 
34.000000000000 	 15.000000000000 	 19.703451954538 
34.000000000000 	 16.000000000000 	 19.866953419258 
34.000000000000 	 17.000000000000 	 19.997332264705 
34.000000000000 	 18.000000000000 	 20.098810345896 
34.000000000000 	 19.000000000000 	 20.174641447008 
34.000000000000 	 20.000000000000 	 20.227243021743 
34.000000000000 	 21.000000000000 	 20.258289826896 
34.000000000000 	 22.000000000000 	 20.268775491319 
34.000000000000 	 23.000000000000 	 20.259045915398 
34.000000000000 	 24.000000000000 	 20.228806486199 
34.000000000000 	 25.000000000000 	 20.177103332199 
34.000000000000 	 26.000000000000 	 20.102277142180 
34.000000000000 	 27.000000000000 	 20.001886381276 
34.000000000000 	 28.000000000000 	 19.872595079683 
34.000000000000 	 29.000000000000 	 19.710018950267 
34.000000000000 	 30.000000000000 	 19.508522990025 
34.000000000000 	 31.000000000000 	 19.260965284601 
34.000000000000 	 32.000000000000 	 18.958388308226 
34.000000000000 	 33.000000000000 	 18.589676162446 
34.000000000000 	 34.000000000000 	 18.141233934448 
34.000000000000 	 35.000000000000 	 17.596819386538 
34.000000000000 	 36.000000000000 	 16.937785779136 
34.000000000000 	 37.000000000000 	 16.144179675459 
34.000000000000 	 38.000000000000 	 15.197305807276 
34.000000000000 	 39.000000000000 	 14.084250615447 

35.000000000000 	 1.000000000000 	 7.949942494337 
35.000000000000 	 2.000000000000 	 10.550517157491 
35.000000000000 	 3.000000000000 	 12.726771959268 
35.000000000000 	 4.000000000000 	 14.504330898481 
35.000000000000 	 5.000000000000 	 15.939336409966 
35.000000000000 	 6.000000000000 	 17.093488262021 
35.000000000000 	 7.000000000000 	 18.022531755488 
35.000000000000 	 8.000000000000 	 18.772693866860 
35.000000000000 	 9.000000000000 	 19.380774467635 
35.000000000000 	 10.000000000000 	 19.875533324816 
35.000000000000 	 11.000000000000 	 20.279302790313 
35.000000000000 	 12.000000000000 	 20.609424459752 
35.000000000000 	 13.000000000000 	 20.879406502936 
35.000000000000 	 14.000000000000 	 21.099813594021 
35.000000000000 	 15.000000000000 	 21.278935942103 
35.000000000000 	 16.000000000000 	 21.423286823795 
35.000000000000 	 17.000000000000 	 21.537970549947 
35.000000000000 	 18.000000000000 	 21.626953402011 
35.000000000000 	 19.000000000000 	 21.693261651606 
35.000000000000 	 20.000000000000 	 21.739124014487 
35.000000000000 	 21.000000000000 	 21.766070676050 
35.000000000000 	 22.000000000000 	 21.774997020461 
35.000000000000 	 23.000000000000 	 21.766197038980 
35.000000000000 	 24.000000000000 	 21.739368762396 
35.000000000000 	 25.000000000000 	 21.693591676152 
35.000000000000 	 26.000000000000 	 21.627273681110 
35.000000000000 	 27.000000000000 	 21.538062518081 
35.000000000000 	 28.000000000000 	 21.422713456697 
35.000000000000 	 29.000000000000 	 21.276901295681 
35.000000000000 	 30.000000000000 	 21.094960377784 
35.000000000000 	 31.000000000000 	 20.869532037704 
35.000000000000 	 32.000000000000 	 20.591096877968 
35.000000000000 	 33.000000000000 	 20.247375397051 
35.000000000000 	 34.000000000000 	 19.822608781206 
35.000000000000 	 35.000000000000 	 19.296812287732 
35.000000000000 	 36.000000000000 	 18.645283759902 
35.000000000000 	 37.000000000000 	 17.839033916444 
35.000000000000 	 38.000000000000 	 16.847427659487 
35.000000000000 	 39.000000000000 	 15.644891651465 

36.000000000000 	 1.000000000000 	 9.551462850182 
36.000000000000 	 2.000000000000 	 12.526497209143 
36.000000000000 	 3.000000000000 	 14.881984139813 
36.000000000000 	 4.000000000000 	 16.709548003527 
36.000000000000 	 5.000000000000 	 18.121932976352 
36.000000000000 	 6.000000000000 	 19.218376333788 
36.000000000000 	 7.000000000000 	 20.076510429263 
36.000000000000 	 8.000000000000 	 20.754260601754 
36.000000000000 	 9.000000000000 	 21.294165586789 
36.000000000000 	 10.000000000000 	 21.727449263525 
36.000000000000 	 11.000000000000 	 22.077192508901 
36.000000000000 	 12.000000000000 	 22.360633619650 
36.000000000000 	 13.000000000000 	 22.590790418367 
36.000000000000 	 14.000000000000 	 22.777594463968 
36.000000000000 	 15.000000000000 	 22.928685025526 
36.000000000000 	 16.000000000000 	 23.049967895977 
36.000000000000 	 17.000000000000 	 23.146011191866 
36.000000000000 	 18.000000000000 	 23.220326960172 
36.000000000000 	 19.000000000000 	 23.275571445175 
36.000000000000 	 20.000000000000 	 23.313686028382 
36.000000000000 	 21.000000000000 	 23.335993431816 
36.000000000000 	 22.000000000000 	 23.343258560871 
36.000000000000 	 23.000000000000 	 23.335719519106 
36.000000000000 	 24.000000000000 	 23.313091256585 
36.000000000000 	 25.000000000000 	 23.274541555181 
36.000000000000 	 26.000000000000 	 23.218636201200 
36.000000000000 	 27.000000000000 	 23.143246820658 
36.000000000000 	 28.000000000000 	 23.045410437454 
36.000000000000 	 29.000000000000 	 22.921123680652 
36.000000000000 	 30.000000000000 	 22.765045831243 
36.000000000000 	 31.000000000000 	 22.570072561512 
36.000000000000 	 32.000000000000 	 22.326725708901 
36.000000000000 	 33.000000000000 	 22.022285528757 
36.000000000000 	 34.000000000000 	 21.639580535888 
36.000000000000 	 35.000000000000 	 21.155380079858 
36.000000000000 	 36.000000000000 	 20.538501939278 
36.000000000000 	 37.000000000000 	 19.748285872256 
36.000000000000 	 38.000000000000 	 18.735456124075 
36.000000000000 	 39.000000000000 	 17.450072422363 

37.000000000000 	 1.000000000000 	 11.766154563733 
37.000000000000 	 2.000000000000 	 15.130801047951 
37.000000000000 	 3.000000000000 	 17.576219314814 
37.000000000000 	 4.000000000000 	 19.343310190108 
37.000000000000 	 5.000000000000 	 20.636035271492 
37.000000000000 	 6.000000000000 	 21.599257058454 
37.000000000000 	 7.000000000000 	 22.330587558366 
37.000000000000 	 8.000000000000 	 22.895321447657 
37.000000000000 	 9.000000000000 	 23.337656884071 
37.000000000000 	 10.000000000000 	 23.688103250478 
37.000000000000 	 11.000000000000 	 23.968183713605 
37.000000000000 	 12.000000000000 	 24.193406274536 
37.000000000000 	 13.000000000000 	 24.375160194207 
37.000000000000 	 14.000000000000 	 24.521946774611 
37.000000000000 	 15.000000000000 	 24.640193136842 
37.000000000000 	 16.000000000000 	 24.734800098575 
37.000000000000 	 17.000000000000 	 24.809516909190 
37.000000000000 	 18.000000000000 	 24.867200595403 
37.000000000000 	 19.000000000000 	 24.909996385017 
37.000000000000 	 20.000000000000 	 24.939462469208 
37.000000000000 	 21.000000000000 	 24.956653941016 
37.000000000000 	 22.000000000000 	 24.962175162257 
37.000000000000 	 23.000000000000 	 24.956205876632 
37.000000000000 	 24.000000000000 	 24.938503335981 
37.000000000000 	 25.000000000000 	 24.908379983314 
37.000000000000 	 26.000000000000 	 24.864653352363 
37.000000000000 	 27.000000000000 	 24.805561255649 
37.000000000000 	 28.000000000000 	 24.728630298851 
37.000000000000 	 29.000000000000 	 24.630478127073 
37.000000000000 	 30.000000000000 	 24.506517679978 
37.000000000000 	 31.000000000000 	 24.350511915484 
37.000000000000 	 32.000000000000 	 24.153894674725 
37.000000000000 	 33.000000000000 	 23.904719487272 
37.000000000000 	 34.000000000000 	 23.586013353060 
37.000000000000 	 35.000000000000 	 23.173196255536 
37.000000000000 	 36.000000000000 	 22.630136922719 
37.000000000000 	 37.000000000000 	 21.903646653751 
37.000000000000 	 38.000000000000 	 20.917863502590 
37.000000000000 	 39.000000000000 	 19.576313944958 

38.000000000000 	 1.000000000000 	 15.033355579609 
38.000000000000 	 2.000000000000 	 18.660973539844 
38.000000000000 	 3.000000000000 	 20.957180393498 
38.000000000000 	 4.000000000000 	 22.461551400266 
38.000000000000 	 5.000000000000 	 23.491417100118 
38.000000000000 	 6.000000000000 	 24.225408813655 
38.000000000000 	 7.000000000000 	 24.766177859840 
38.000000000000 	 8.000000000000 	 25.175160922700 
38.000000000000 	 9.000000000000 	 25.490802016317 
38.000000000000 	 10.000000000000 	 25.738188358049 
38.000000000000 	 11.000000000000 	 25.934309955456 
38.000000000000 	 12.000000000000 	 26.091044388019 
38.000000000000 	 13.000000000000 	 26.216918544278 
38.000000000000 	 14.000000000000 	 26.318187294333 
38.000000000000 	 15.000000000000 	 26.399515922249 
38.000000000000 	 16.000000000000 	 26.464424255208 
38.000000000000 	 17.000000000000 	 26.515582523168 
38.000000000000 	 18.000000000000 	 26.555011916191 
38.000000000000 	 19.000000000000 	 26.584221846046 
38.000000000000 	 20.000000000000 	 26.604303637786 
38.000000000000 	 21.000000000000 	 26.615992900962 
38.000000000000 	 22.000000000000 	 26.619708059482 
38.000000000000 	 23.000000000000 	 26.615569260861 
38.000000000000 	 24.000000000000 	 26.603399410600 
38.000000000000 	 25.000000000000 	 26.582706876481 
38.000000000000 	 26.000000000000 	 26.552647035789 
38.000000000000 	 27.000000000000 	 26.511956780130 
38.000000000000 	 28.000000000000 	 26.458851590283 
38.000000000000 	 29.000000000000 	 26.390867561413 
38.000000000000 	 30.000000000000 	 26.304618429320 
38.000000000000 	 31.000000000000 	 26.195415632083 
38.000000000000 	 32.000000000000 	 26.056658495503 
38.000000000000 	 33.000000000000 	 25.878822582900 
38.000000000000 	 34.000000000000 	 25.647716689825 
38.000000000000 	 35.000000000000 	 25.341358801927 
38.000000000000 	 36.000000000000 	 24.924178223711 
38.000000000000 	 37.000000000000 	 24.336077401888 
38.000000000000 	 38.000000000000 	 23.472550663850 
38.000000000000 	 39.000000000000 	 22.155859541007 

39.000000000000 	 1.000000000000 	 20.313699365502 
39.000000000000 	 2.000000000000 	 23.527012182034 
39.000000000000 	 3.000000000000 	 25.135611849769 
39.000000000000 	 4.000000000000 	 26.061082845791 
39.000000000000 	 5.000000000000 	 26.650573550506 
39.000000000000 	 6.000000000000 	 27.053759657030 
39.000000000000 	 7.000000000000 	 27.343561611405 
39.000000000000 	 8.000000000000 	 27.559331767618 
39.000000000000 	 9.000000000000 	 27.724120216874 
39.000000000000 	 10.000000000000 	 27.852328995468 
39.000000000000 	 11.000000000000 	 27.953427219166 
39.000000000000 	 12.000000000000 	 28.033897826072 
39.000000000000 	 13.000000000000 	 28.098324627314 
39.000000000000 	 14.000000000000 	 28.150032020600 
39.000000000000 	 15.000000000000 	 28.191478108428 
39.000000000000 	 16.000000000000 	 28.224505008992 
39.000000000000 	 17.000000000000 	 28.250502834326 
39.000000000000 	 18.000000000000 	 28.270519412802 
39.000000000000 	 19.000000000000 	 28.285334623577 
39.000000000000 	 20.000000000000 	 28.295510730584 
39.000000000000 	 21.000000000000 	 28.301425673801 
39.000000000000 	 22.000000000000 	 28.303293512195 
39.000000000000 	 23.000000000000 	 28.301174359764 
39.000000000000 	 24.000000000000 	 28.294974765691 
39.000000000000 	 25.000000000000 	 28.284438255695 
39.000000000000 	 26.000000000000 	 28.269124407355 
39.000000000000 	 27.000000000000 	 28.248373060424 
39.000000000000 	 28.000000000000 	 28.221247578485 
39.000000000000 	 29.000000000000 	 28.186446613764 
39.000000000000 	 30.000000000000 	 28.142165885216 
39.000000000000 	 31.000000000000 	 28.085876507342 
39.000000000000 	 32.000000000000 	 28.013956474618 
39.000000000000 	 33.000000000000 	 27.921048094464 
39.000000000000 	 34.000000000000 	 27.798867894564 
39.000000000000 	 35.000000000000 	 27.633831833486 
39.000000000000 	 36.000000000000 	 27.401870285922 
39.000000000000 	 37.000000000000 	 27.055860650518 
39.000000000000 	 38.000000000000 	 26.491480976724 
39.000000000000 	 39.000000000000 	 25.443073127582 

