1.000000000000 	 1.000000000000 	 27.243031568340 
1.000000000000 	 2.000000000000 	 31.586064501929 
1.000000000000 	 3.000000000000 	 33.788560685290 
1.000000000000 	 4.000000000000 	 35.079056741632 
1.000000000000 	 5.000000000000 	 35.920181064127 
1.000000000000 	 6.000000000000 	 36.511272959742 
1.000000000000 	 7.000000000000 	 36.949340414992 
1.000000000000 	 8.000000000000 	 37.286644050255 
1.000000000000 	 9.000000000000 	 37.553719198412 
1.000000000000 	 10.000000000000 	 37.769582372187 
1.000000000000 	 11.000000000000 	 37.946685511726 
1.000000000000 	 12.000000000000 	 38.093512252076 
1.000000000000 	 13.000000000000 	 38.216027809396 
1.000000000000 	 14.000000000000 	 38.318532295283 
1.000000000000 	 15.000000000000 	 38.404185120181 
1.000000000000 	 16.000000000000 	 38.475338877737 
1.000000000000 	 17.000000000000 	 38.533758019398 
1.000000000000 	 18.000000000000 	 38.580765100273 
1.000000000000 	 19.000000000000 	 38.617339765781 
1.000000000000 	 20.000000000000 	 38.644185675711 
1.000000000000 	 21.000000000000 	 38.661774655838 
1.000000000000 	 22.000000000000 	 38.670373682141 
1.000000000000 	 23.000000000000 	 38.670057830877 
1.000000000000 	 24.000000000000 	 38.660710472303 
1.000000000000 	 25.000000000000 	 38.642010338726 
1.000000000000 	 26.000000000000 	 38.613403303095 
1.000000000000 	 27.000000000000 	 38.574054339744 
1.000000000000 	 28.000000000000 	 38.522771557373 
1.000000000000 	 29.000000000000 	 38.457888239598 
1.000000000000 	 30.000000000000 	 38.377078237817 
1.000000000000 	 31.000000000000 	 38.277060096248 
1.000000000000 	 32.000000000000 	 38.153105377884 
1.000000000000 	 33.000000000000 	 37.998181576923 
1.000000000000 	 34.000000000000 	 37.801364980181 
1.000000000000 	 35.000000000000 	 37.544673911030 
1.000000000000 	 36.000000000000 	 37.196154979680 
1.000000000000 	 37.000000000000 	 36.693126133266 
1.000000000000 	 38.000000000000 	 35.896647698089 
1.000000000000 	 39.000000000000 	 34.452672768114 

2.000000000000 	 1.000000000000 	 20.359167041227 
2.000000000000 	 2.000000000000 	 25.312665754098 
2.000000000000 	 3.000000000000 	 28.489121497613 
2.000000000000 	 4.000000000000 	 30.607485217129 
2.000000000000 	 5.000000000000 	 32.090394555153 
2.000000000000 	 6.000000000000 	 33.175570359871 
2.000000000000 	 7.000000000000 	 33.999444649996 
2.000000000000 	 8.000000000000 	 34.643516587642 
2.000000000000 	 9.000000000000 	 35.158650371238 
2.000000000000 	 10.000000000000 	 35.577924778642 
2.000000000000 	 11.000000000000 	 35.923647422677 
2.000000000000 	 12.000000000000 	 36.211335687220 
2.000000000000 	 13.000000000000 	 36.452066690263 
2.000000000000 	 14.000000000000 	 36.653916251597 
2.000000000000 	 15.000000000000 	 36.822869307746 
2.000000000000 	 16.000000000000 	 36.963412371414 
2.000000000000 	 17.000000000000 	 37.078928099626 
2.000000000000 	 18.000000000000 	 37.171962615959 
2.000000000000 	 19.000000000000 	 37.244408287188 
2.000000000000 	 20.000000000000 	 37.297628281272 
2.000000000000 	 21.000000000000 	 37.332539265548 
2.000000000000 	 22.000000000000 	 37.349662241896 
2.000000000000 	 23.000000000000 	 37.349147169116 
2.000000000000 	 24.000000000000 	 37.330773719656 
2.000000000000 	 25.000000000000 	 37.293927579556 
2.000000000000 	 26.000000000000 	 37.237548533957 
2.000000000000 	 27.000000000000 	 37.160042498554 
2.000000000000 	 28.000000000000 	 37.059143650197 
2.000000000000 	 29.000000000000 	 36.931703163250 
2.000000000000 	 30.000000000000 	 36.773364615466 
2.000000000000 	 31.000000000000 	 36.578056769336 
2.000000000000 	 32.000000000000 	 36.337179838406 
2.000000000000 	 33.000000000000 	 36.038255949667 
2.000000000000 	 34.000000000000 	 35.662604432812 
2.000000000000 	 35.000000000000 	 35.181175684295 
2.000000000000 	 36.000000000000 	 34.546819874459 
2.000000000000 	 37.000000000000 	 33.679701855328 
2.000000000000 	 38.000000000000 	 32.440791891009 
2.000000000000 	 39.000000000000 	 30.593431767017 

3.000000000000 	 1.000000000000 	 16.156491441719 
3.000000000000 	 2.000000000000 	 20.816309975644 
3.000000000000 	 3.000000000000 	 24.247774333963 
3.000000000000 	 4.000000000000 	 26.771368074150 
3.000000000000 	 5.000000000000 	 28.658341579526 
3.000000000000 	 6.000000000000 	 30.101169274638 
3.000000000000 	 7.000000000000 	 31.229351237529 
3.000000000000 	 8.000000000000 	 32.129327279135 
3.000000000000 	 9.000000000000 	 32.859440920314 
3.000000000000 	 10.000000000000 	 33.459818948533 
3.000000000000 	 11.000000000000 	 33.958643713187 
3.000000000000 	 12.000000000000 	 34.376116383938 
3.000000000000 	 13.000000000000 	 34.726987012915 
3.000000000000 	 14.000000000000 	 35.022196713179 
3.000000000000 	 15.000000000000 	 35.269963487876 
3.000000000000 	 16.000000000000 	 35.476513200632 
3.000000000000 	 17.000000000000 	 35.646579391823 
3.000000000000 	 18.000000000000 	 35.783748976842 
3.000000000000 	 19.000000000000 	 35.890702485835 
3.000000000000 	 20.000000000000 	 35.969379896736 
3.000000000000 	 21.000000000000 	 36.021091883282 
3.000000000000 	 22.000000000000 	 36.046588850877 
3.000000000000 	 23.000000000000 	 36.046094884131 
3.000000000000 	 24.000000000000 	 36.019309657748 
3.000000000000 	 25.000000000000 	 35.965377725981 
3.000000000000 	 26.000000000000 	 35.882820754721 
3.000000000000 	 27.000000000000 	 35.769423470416 
3.000000000000 	 28.000000000000 	 35.622057381705 
3.000000000000 	 29.000000000000 	 35.436416147833 
3.000000000000 	 30.000000000000 	 35.206620291550 
3.000000000000 	 31.000000000000 	 34.924622527312 
3.000000000000 	 32.000000000000 	 34.579301256820 
3.000000000000 	 33.000000000000 	 34.155057950611 
3.000000000000 	 34.000000000000 	 33.629621117182 
3.000000000000 	 35.000000000000 	 32.970604518952 
3.000000000000 	 36.000000000000 	 32.130246978603 
3.000000000000 	 37.000000000000 	 31.038069522644 
3.000000000000 	 38.000000000000 	 29.593386243661 
3.000000000000 	 39.000000000000 	 27.668051711713 

4.000000000000 	 1.000000000000 	 13.352681598956 
4.000000000000 	 2.000000000000 	 17.548308372830 
4.000000000000 	 3.000000000000 	 20.914297788485 
4.000000000000 	 4.000000000000 	 23.571871166033 
4.000000000000 	 5.000000000000 	 25.670434414220 
4.000000000000 	 6.000000000000 	 27.341413921693 
4.000000000000 	 7.000000000000 	 28.687463746423 
4.000000000000 	 8.000000000000 	 29.785000371138 
4.000000000000 	 9.000000000000 	 30.689967082441 
4.000000000000 	 10.000000000000 	 31.443266382085 
4.000000000000 	 11.000000000000 	 32.074992097704 
4.000000000000 	 12.000000000000 	 32.607499122538 
4.000000000000 	 13.000000000000 	 33.057568264395 
4.000000000000 	 14.000000000000 	 33.437920100448 
4.000000000000 	 15.000000000000 	 33.758274730073 
4.000000000000 	 16.000000000000 	 34.026097551547 
4.000000000000 	 17.000000000000 	 34.247127290325 
4.000000000000 	 18.000000000000 	 34.425751413888 
4.000000000000 	 19.000000000000 	 34.565272782714 
4.000000000000 	 20.000000000000 	 34.668096936699 
4.000000000000 	 21.000000000000 	 34.735859520110 
4.000000000000 	 22.000000000000 	 34.769506394345 
4.000000000000 	 23.000000000000 	 34.769333858929 
4.000000000000 	 24.000000000000 	 34.734992301369 
4.000000000000 	 25.000000000000 	 34.665452912046 
4.000000000000 	 26.000000000000 	 34.558933288674 
4.000000000000 	 27.000000000000 	 34.412773246825 
4.000000000000 	 28.000000000000 	 34.223246258513 
4.000000000000 	 29.000000000000 	 33.985283754965 
4.000000000000 	 30.000000000000 	 33.692077875722 
4.000000000000 	 31.000000000000 	 33.334511791675 
4.000000000000 	 32.000000000000 	 32.900344711078 
4.000000000000 	 33.000000000000 	 32.373053478895 
4.000000000000 	 34.000000000000 	 31.730217566468 
4.000000000000 	 35.000000000000 	 30.941374295841 
4.000000000000 	 36.000000000000 	 29.965493998461 
4.000000000000 	 37.000000000000 	 28.748943013080 
4.000000000000 	 38.000000000000 	 27.226631849371 
4.000000000000 	 39.000000000000 	 25.332614552883 

5.000000000000 	 1.000000000000 	 11.360500581959 
5.000000000000 	 2.000000000000 	 15.109944128277 
5.000000000000 	 3.000000000000 	 18.289237281172 
5.000000000000 	 4.000000000000 	 20.931384387343 
5.000000000000 	 5.000000000000 	 23.110110989708 
5.000000000000 	 6.000000000000 	 24.906588251579 
5.000000000000 	 7.000000000000 	 26.394089455431 
5.000000000000 	 8.000000000000 	 27.633243376662 
5.000000000000 	 9.000000000000 	 28.672160656346 
5.000000000000 	 10.000000000000 	 29.548287399790 
5.000000000000 	 11.000000000000 	 30.290559173144 
5.000000000000 	 12.000000000000 	 30.921319744262 
5.000000000000 	 13.000000000000 	 31.457866821831 
5.000000000000 	 14.000000000000 	 31.913640694304 
5.000000000000 	 15.000000000000 	 32.299117780589 
5.000000000000 	 16.000000000000 	 32.622474985328 
5.000000000000 	 17.000000000000 	 32.890080804221 
5.000000000000 	 18.000000000000 	 33.106856605852 
5.000000000000 	 19.000000000000 	 33.276540294618 
5.000000000000 	 20.000000000000 	 33.401875547425 
5.000000000000 	 21.000000000000 	 33.484742866307 
5.000000000000 	 22.000000000000 	 33.526243347655 
5.000000000000 	 23.000000000000 	 33.526741856065 
5.000000000000 	 24.000000000000 	 33.485872776945 
5.000000000000 	 25.000000000000 	 33.402508332352 
5.000000000000 	 26.000000000000 	 33.274686241297 
5.000000000000 	 27.000000000000 	 33.099489969885 
5.000000000000 	 28.000000000000 	 32.872870650745 
5.000000000000 	 29.000000000000 	 32.589394737973 
5.000000000000 	 30.000000000000 	 32.241895664877 
5.000000000000 	 31.000000000000 	 31.821002052759 
5.000000000000 	 32.000000000000 	 31.314512317091 
5.000000000000 	 33.000000000000 	 30.706593687583 
5.000000000000 	 34.000000000000 	 29.976821374109 
5.000000000000 	 35.000000000000 	 29.099181099630 
5.000000000000 	 36.000000000000 	 28.041411706457 
5.000000000000 	 37.000000000000 	 26.765576681976 
5.000000000000 	 38.000000000000 	 25.231583587980 
5.000000000000 	 39.000000000000 	 23.406125057028 

6.000000000000 	 1.000000000000 	 9.879063736918 
6.000000000000 	 2.000000000000 	 13.241730277200 
6.000000000000 	 3.000000000000 	 16.201322820650 
6.000000000000 	 4.000000000000 	 18.754318112541 
6.000000000000 	 5.000000000000 	 20.932036905785 
6.000000000000 	 6.000000000000 	 22.780738639593 
6.000000000000 	 7.000000000000 	 24.349062447184 
6.000000000000 	 8.000000000000 	 25.681723023869 
6.000000000000 	 9.000000000000 	 26.817144766636 
6.000000000000 	 10.000000000000 	 27.787163387745 
6.000000000000 	 11.000000000000 	 28.617637450990 
6.000000000000 	 12.000000000000 	 29.329353859715 
6.000000000000 	 13.000000000000 	 29.938938584552 
6.000000000000 	 14.000000000000 	 30.459658074547 
6.000000000000 	 15.000000000000 	 30.902080712855 
6.000000000000 	 16.000000000000 	 31.274603805171 
6.000000000000 	 17.000000000000 	 31.583864335596 
6.000000000000 	 18.000000000000 	 31.835053910908 
6.000000000000 	 19.000000000000 	 32.032156242711 
6.000000000000 	 20.000000000000 	 32.178122092308 
6.000000000000 	 21.000000000000 	 32.274993050273 
6.000000000000 	 22.000000000000 	 32.323982274141 
6.000000000000 	 23.000000000000 	 32.325517440971 
6.000000000000 	 24.000000000000 	 32.279248618232 
6.000000000000 	 25.000000000000 	 32.184021399360 
6.000000000000 	 26.000000000000 	 32.037813374512 
6.000000000000 	 27.000000000000 	 31.837629740908 
6.000000000000 	 28.000000000000 	 31.579351636838 
6.000000000000 	 29.000000000000 	 31.257528881529 
6.000000000000 	 30.000000000000 	 30.865107993276 
6.000000000000 	 31.000000000000 	 30.393088437607 
6.000000000000 	 32.000000000000 	 29.830108817150 
6.000000000000 	 33.000000000000 	 29.161987580436 
6.000000000000 	 34.000000000000 	 28.371293142947 
6.000000000000 	 35.000000000000 	 27.437117022292 
6.000000000000 	 36.000000000000 	 26.335395045934 
6.000000000000 	 37.000000000000 	 25.040368420547 
6.000000000000 	 38.000000000000 	 23.528000763693 
6.000000000000 	 39.000000000000 	 21.782006580997 

7.000000000000 	 1.000000000000 	 8.739609252987 
7.000000000000 	 2.000000000000 	 11.776590423019 
7.000000000000 	 3.000000000000 	 14.520005611769 
7.000000000000 	 4.000000000000 	 16.952528336486 
7.000000000000 	 5.000000000000 	 19.082979881411 
7.000000000000 	 6.000000000000 	 20.935266953955 
7.000000000000 	 7.000000000000 	 22.539698669988 
7.000000000000 	 8.000000000000 	 23.927441505155 
7.000000000000 	 9.000000000000 	 25.127531998760 
7.000000000000 	 10.000000000000 	 26.165583933753 
7.000000000000 	 11.000000000000 	 27.063473383555 
7.000000000000 	 12.000000000000 	 27.839519659271 
7.000000000000 	 13.000000000000 	 28.508875582339 
7.000000000000 	 14.000000000000 	 29.083972306712 
7.000000000000 	 15.000000000000 	 29.574943191358 
7.000000000000 	 16.000000000000 	 29.989995187156 
7.000000000000 	 17.000000000000 	 30.335718822345 
7.000000000000 	 18.000000000000 	 30.617338459740 
7.000000000000 	 19.000000000000 	 30.838908673284 
7.000000000000 	 20.000000000000 	 31.003463529101 
7.000000000000 	 21.000000000000 	 31.113124968616 
7.000000000000 	 22.000000000000 	 31.169175257946 
7.000000000000 	 23.000000000000 	 31.172097015730 
7.000000000000 	 24.000000000000 	 31.121582855936 
7.000000000000 	 25.000000000000 	 31.016515272626 
7.000000000000 	 26.000000000000 	 30.854916116765 
7.000000000000 	 27.000000000000 	 30.633863982675 
7.000000000000 	 28.000000000000 	 30.349377274443 
7.000000000000 	 29.000000000000 	 29.996261158299 
7.000000000000 	 30.000000000000 	 29.567918989352 
7.000000000000 	 31.000000000000 	 29.056134887497 
7.000000000000 	 32.000000000000 	 28.450846933714 
7.000000000000 	 33.000000000000 	 27.739954674300 
7.000000000000 	 34.000000000000 	 26.909246595175 
7.000000000000 	 35.000000000000 	 25.942598800874 
7.000000000000 	 36.000000000000 	 24.822683034643 
7.000000000000 	 37.000000000000 	 23.532501190774 
7.000000000000 	 38.000000000000 	 22.058044465425 
7.000000000000 	 39.000000000000 	 20.392076338887 

8.000000000000 	 1.000000000000 	 7.840527068948 
8.000000000000 	 2.000000000000 	 10.605016550195 
8.000000000000 	 3.000000000000 	 13.149580867013 
8.000000000000 	 4.000000000000 	 15.452809740334 
8.000000000000 	 5.000000000000 	 17.512087329550 
8.000000000000 	 6.000000000000 	 19.337650624979 
8.000000000000 	 7.000000000000 	 20.947023773824 
8.000000000000 	 8.000000000000 	 22.360812328189 
8.000000000000 	 9.000000000000 	 23.599957789696 
8.000000000000 	 10.000000000000 	 24.684166965167 
8.000000000000 	 11.000000000000 	 25.631152490438 
8.000000000000 	 12.000000000000 	 26.456375811721 
8.000000000000 	 13.000000000000 	 27.173071779078 
8.000000000000 	 14.000000000000 	 27.792412378875 
8.000000000000 	 15.000000000000 	 28.323724558991 
8.000000000000 	 16.000000000000 	 28.774714930041 
8.000000000000 	 17.000000000000 	 29.151677307190 
8.000000000000 	 18.000000000000 	 29.459672432728 
8.000000000000 	 19.000000000000 	 29.702676461897 
8.000000000000 	 20.000000000000 	 29.883698382514 
8.000000000000 	 21.000000000000 	 30.004868037468 
8.000000000000 	 22.000000000000 	 30.067496773622 
8.000000000000 	 23.000000000000 	 30.072112508395 
8.000000000000 	 24.000000000000 	 30.018470517484 
8.000000000000 	 25.000000000000 	 29.905540718767 
8.000000000000 	 26.000000000000 	 29.731471837568 
8.000000000000 	 27.000000000000 	 29.493532798905 
8.000000000000 	 28.000000000000 	 29.188032320275 
8.000000000000 	 29.000000000000 	 28.810219488179 
8.000000000000 	 30.000000000000 	 28.354171918637 
8.000000000000 	 31.000000000000 	 27.812685189607 
8.000000000000 	 32.000000000000 	 27.177189356191 
8.000000000000 	 33.000000000000 	 26.437737588147 
8.000000000000 	 34.000000000000 	 25.583139762839 
8.000000000000 	 35.000000000000 	 24.601348551634 
8.000000000000 	 36.000000000000 	 23.480237101224 
8.000000000000 	 37.000000000000 	 22.208908842702 
8.000000000000 	 38.000000000000 	 20.779599568547 
8.000000000000 	 39.000000000000 	 19.190003092145 

9.000000000000 	 1.000000000000 	 7.117153054576 
9.000000000000 	 2.000000000000 	 9.653367841883 
9.000000000000 	 3.000000000000 	 12.020491565860 
9.000000000000 	 4.000000000000 	 14.197042428415 
9.000000000000 	 5.000000000000 	 16.174909071623 
9.000000000000 	 6.000000000000 	 17.956224442757 
9.000000000000 	 7.000000000000 	 19.549933472327 
9.000000000000 	 8.000000000000 	 20.968826244289 
9.000000000000 	 9.000000000000 	 22.227319866895 
9.000000000000 	 10.000000000000 	 23.339973647026 
9.000000000000 	 11.000000000000 	 24.320593801571 
9.000000000000 	 12.000000000000 	 25.181759318373 
9.000000000000 	 13.000000000000 	 25.934623343667 
9.000000000000 	 14.000000000000 	 26.588880871025 
9.000000000000 	 15.000000000000 	 27.152827736005 
9.000000000000 	 16.000000000000 	 27.633462667155 
9.000000000000 	 17.000000000000 	 28.036603043982 
9.000000000000 	 18.000000000000 	 28.366997502431 
9.000000000000 	 19.000000000000 	 28.628426359416 
9.000000000000 	 20.000000000000 	 28.823785501947 
9.000000000000 	 21.000000000000 	 28.955152025483 
9.000000000000 	 22.000000000000 	 29.023831291045 
9.000000000000 	 23.000000000000 	 29.030385727110 
9.000000000000 	 24.000000000000 	 28.974645987207 
9.000000000000 	 25.000000000000 	 28.855705247755 
9.000000000000 	 26.000000000000 	 28.671897716201 
9.000000000000 	 27.000000000000 	 28.420763055459 
9.000000000000 	 28.000000000000 	 28.098999719926 
9.000000000000 	 29.000000000000 	 27.702412555853 
9.000000000000 	 30.000000000000 	 27.225864007747 
9.000000000000 	 31.000000000000 	 26.663244596432 
9.000000000000 	 32.000000000000 	 26.007487713615 
9.000000000000 	 33.000000000000 	 25.250666559563 
9.000000000000 	 34.000000000000 	 24.384226316694 
9.000000000000 	 35.000000000000 	 23.399418541878 
9.000000000000 	 36.000000000000 	 22.288007976178 
9.000000000000 	 37.000000000000 	 21.043297510510 
9.000000000000 	 38.000000000000 	 19.661441874146 
9.000000000000 	 39.000000000000 	 18.142879104861 

10.000000000000 	 1.000000000000 	 6.526496648431 
10.000000000000 	 2.000000000000 	 8.870810196992 
10.000000000000 	 3.000000000000 	 11.081975126246 
10.000000000000 	 4.000000000000 	 13.139959335982 
10.000000000000 	 5.000000000000 	 15.034282085934 
10.000000000000 	 6.000000000000 	 16.762404602286 
10.000000000000 	 7.000000000000 	 18.327659428646 
10.000000000000 	 8.000000000000 	 19.737239309977 
10.000000000000 	 9.000000000000 	 21.000521786817 
10.000000000000 	 10.000000000000 	 22.127813954741 
10.000000000000 	 11.000000000000 	 23.129489750734 
10.000000000000 	 12.000000000000 	 24.015444316837 
10.000000000000 	 13.000000000000 	 24.794781406515 
10.000000000000 	 14.000000000000 	 25.475660025888 
10.000000000000 	 15.000000000000 	 26.065242847197 
10.000000000000 	 16.000000000000 	 26.569704958955 
10.000000000000 	 17.000000000000 	 26.994274699525 
10.000000000000 	 18.000000000000 	 27.343288173978 
10.000000000000 	 19.000000000000 	 27.620245971779 
10.000000000000 	 20.000000000000 	 27.827865240772 
10.000000000000 	 21.000000000000 	 27.968123271872 
10.000000000000 	 22.000000000000 	 28.042290638370 
10.000000000000 	 23.000000000000 	 28.050953122198 
10.000000000000 	 24.000000000000 	 27.994022456884 
10.000000000000 	 25.000000000000 	 27.870736569251 
10.000000000000 	 26.000000000000 	 27.679650724420 
10.000000000000 	 27.000000000000 	 27.418621987203 
10.000000000000 	 28.000000000000 	 27.084790948509 
10.000000000000 	 29.000000000000 	 26.674567007943 
10.000000000000 	 30.000000000000 	 26.183626960440 
10.000000000000 	 31.000000000000 	 25.606941475121 
10.000000000000 	 32.000000000000 	 24.938850342627 
10.000000000000 	 33.000000000000 	 24.173214620134 
10.000000000000 	 34.000000000000 	 23.303680402819 
10.000000000000 	 35.000000000000 	 22.324091323313 
10.000000000000 	 36.000000000000 	 21.229078751390 
10.000000000000 	 37.000000000000 	 20.014831349286 
10.000000000000 	 38.000000000000 	 18.679991312920 
10.000000000000 	 39.000000000000 	 17.226544994421 

11.000000000000 	 1.000000000000 	 6.038962936959 
11.000000000000 	 2.000000000000 	 8.221401171506 
11.000000000000 	 3.000000000000 	 10.296639406277 
11.000000000000 	 4.000000000000 	 12.246537703486 
11.000000000000 	 5.000000000000 	 14.059855334021 
11.000000000000 	 6.000000000000 	 15.731452452010 
11.000000000000 	 7.000000000000 	 17.261060330221 
11.000000000000 	 8.000000000000 	 18.651949780404 
11.000000000000 	 9.000000000000 	 19.909714015929 
11.000000000000 	 10.000000000000 	 21.041270634679 
11.000000000000 	 11.000000000000 	 22.054106930103 
11.000000000000 	 12.000000000000 	 22.955746792057 
11.000000000000 	 13.000000000000 	 23.753397940017 
11.000000000000 	 14.000000000000 	 24.453734979182 
11.000000000000 	 15.000000000000 	 25.062778668321 
11.000000000000 	 16.000000000000 	 25.585839622338 
11.000000000000 	 17.000000000000 	 26.027502621590 
11.000000000000 	 18.000000000000 	 26.391634522595 
11.000000000000 	 19.000000000000 	 26.681404113374 
11.000000000000 	 20.000000000000 	 26.899306217923 
11.000000000000 	 21.000000000000 	 27.047185183298 
11.000000000000 	 22.000000000000 	 27.126254868804 
11.000000000000 	 23.000000000000 	 27.137113666870 
11.000000000000 	 24.000000000000 	 27.079754149323 
11.000000000000 	 25.000000000000 	 26.953567848386 
11.000000000000 	 26.000000000000 	 26.757346625464 
11.000000000000 	 27.000000000000 	 26.489283220854 
11.000000000000 	 28.000000000000 	 26.146975079390 
11.000000000000 	 29.000000000000 	 25.727437567387 
11.000000000000 	 30.000000000000 	 25.227135351358 
11.000000000000 	 31.000000000000 	 24.642044001381 
11.000000000000 	 32.000000000000 	 23.967757562021 
11.000000000000 	 33.000000000000 	 23.199661175893 
11.000000000000 	 34.000000000000 	 22.333189351489 
11.000000000000 	 35.000000000000 	 21.364187597499 
11.000000000000 	 36.000000000000 	 20.289384357101 
11.000000000000 	 37.000000000000 	 19.106957822620 
11.000000000000 	 38.000000000000 	 17.817147034102 
11.000000000000 	 39.000000000000 	 16.422814110682 

12.000000000000 	 1.000000000000 	 5.633602092379 
12.000000000000 	 2.000000000000 	 7.679192145903 
12.000000000000 	 3.000000000000 	 9.636643624006 
12.000000000000 	 4.000000000000 	 11.489696737828 
12.000000000000 	 5.000000000000 	 13.227149094847 
12.000000000000 	 6.000000000000 	 14.842489541730 
12.000000000000 	 7.000000000000 	 16.333179660067 
12.000000000000 	 8.000000000000 	 17.699785465760 
12.000000000000 	 9.000000000000 	 18.945113862107 
12.000000000000 	 10.000000000000 	 20.073447638260 
12.000000000000 	 11.000000000000 	 21.089920543278 
12.000000000000 	 12.000000000000 	 22.000037981630 
12.000000000000 	 13.000000000000 	 22.809328582689 
12.000000000000 	 14.000000000000 	 23.523103282894 
12.000000000000 	 15.000000000000 	 24.146297224976 
12.000000000000 	 16.000000000000 	 24.683372240910 
12.000000000000 	 17.000000000000 	 25.138261642338 
12.000000000000 	 18.000000000000 	 25.514343181883 
12.000000000000 	 19.000000000000 	 25.814429741654 
12.000000000000 	 20.000000000000 	 26.040770334711 
12.000000000000 	 21.000000000000 	 26.195056375063 
12.000000000000 	 22.000000000000 	 26.278429987153 
12.000000000000 	 23.000000000000 	 26.291492527628 
12.000000000000 	 24.000000000000 	 26.234312625628 
12.000000000000 	 25.000000000000 	 26.106434049980 
12.000000000000 	 26.000000000000 	 25.906884708665 
12.000000000000 	 27.000000000000 	 25.634189191824 
12.000000000000 	 28.000000000000 	 25.286388581266 
12.000000000000 	 29.000000000000 	 24.861072831306 
12.000000000000 	 30.000000000000 	 24.355432876662 
12.000000000000 	 31.000000000000 	 23.766341617447 
12.000000000000 	 32.000000000000 	 23.090474728596 
12.000000000000 	 33.000000000000 	 22.324483170325 
12.000000000000 	 34.000000000000 	 21.465228230123 
12.000000000000 	 35.000000000000 	 20.510085358452 
12.000000000000 	 36.000000000000 	 19.457313257235 
12.000000000000 	 37.000000000000 	 18.306468550311 
12.000000000000 	 38.000000000000 	 17.058824890481 
12.000000000000 	 39.000000000000 	 15.717733404767 

13.000000000000 	 1.000000000000 	 5.295251979000 
13.000000000000 	 2.000000000000 	 7.225121695836 
13.000000000000 	 3.000000000000 	 9.081046206161 
13.000000000000 	 4.000000000000 	 10.848456529147 
13.000000000000 	 5.000000000000 	 12.516554766011 
13.000000000000 	 6.000000000000 	 14.078176960228 
13.000000000000 	 7.000000000000 	 15.529383302818 
13.000000000000 	 8.000000000000 	 16.868898560749 
13.000000000000 	 9.000000000000 	 18.097508328789 
13.000000000000 	 10.000000000000 	 19.217485513311 
13.000000000000 	 11.000000000000 	 20.232089623477 
13.000000000000 	 12.000000000000 	 21.145156008875 
13.000000000000 	 13.000000000000 	 21.960775126617 
13.000000000000 	 14.000000000000 	 22.683052345148 
13.000000000000 	 15.000000000000 	 23.315934708215 
13.000000000000 	 16.000000000000 	 23.863090474438 
13.000000000000 	 17.000000000000 	 24.327828525434 
13.000000000000 	 18.000000000000 	 24.713046821422 
13.000000000000 	 19.000000000000 	 25.021201337135 
13.000000000000 	 20.000000000000 	 25.254289004697 
13.000000000000 	 21.000000000000 	 25.413839995589 
13.000000000000 	 22.000000000000 	 25.500916177621 
13.000000000000 	 23.000000000000 	 25.516113831367 
13.000000000000 	 24.000000000000 	 25.459569776086 
13.000000000000 	 25.000000000000 	 25.330971017745 
13.000000000000 	 26.000000000000 	 25.129568967892 
13.000000000000 	 27.000000000000 	 24.854200257007 
13.000000000000 	 28.000000000000 	 24.503317223033 
13.000000000000 	 29.000000000000 	 24.075032300385 
13.000000000000 	 30.000000000000 	 23.567181707001 
13.000000000000 	 31.000000000000 	 22.977414863604 
13.000000000000 	 32.000000000000 	 22.303316565027 
13.000000000000 	 33.000000000000 	 21.542568547110 
13.000000000000 	 34.000000000000 	 20.693155040629 
13.000000000000 	 35.000000000000 	 19.753612349335 
13.000000000000 	 36.000000000000 	 18.723314763438 
13.000000000000 	 37.000000000000 	 17.602778231248 
13.000000000000 	 38.000000000000 	 16.393950573058 
13.000000000000 	 39.000000000000 	 15.100446068407 

14.000000000000 	 1.000000000000 	 5.012751640998 
14.000000000000 	 2.000000000000 	 6.844996452402 
14.000000000000 	 3.000000000000 	 8.613962975806 
14.000000000000 	 4.000000000000 	 10.306528406770 
14.000000000000 	 5.000000000000 	 11.912436480039 
14.000000000000 	 6.000000000000 	 13.424280230597 
14.000000000000 	 7.000000000000 	 14.837278030500 
14.000000000000 	 8.000000000000 	 16.148917145929 
14.000000000000 	 9.000000000000 	 17.358535379319 
14.000000000000 	 10.000000000000 	 18.466896463073 
14.000000000000 	 11.000000000000 	 19.475796428820 
14.000000000000 	 12.000000000000 	 20.387721304179 
14.000000000000 	 13.000000000000 	 21.205563570176 
14.000000000000 	 14.000000000000 	 21.932396263307 
14.000000000000 	 15.000000000000 	 22.571298788757 
14.000000000000 	 16.000000000000 	 23.125226423668 
14.000000000000 	 17.000000000000 	 23.596915164026 
14.000000000000 	 18.000000000000 	 23.988814241738 
14.000000000000 	 19.000000000000 	 24.303039781278 
14.000000000000 	 20.000000000000 	 24.541344351875 
14.000000000000 	 21.000000000000 	 24.705098425500 
14.000000000000 	 22.000000000000 	 24.795280896904 
14.000000000000 	 23.000000000000 	 24.812476844667 
14.000000000000 	 24.000000000000 	 24.756881630139 
14.000000000000 	 25.000000000000 	 24.628311277551 
14.000000000000 	 26.000000000000 	 24.426219888678 
14.000000000000 	 27.000000000000 	 24.149725645799 
14.000000000000 	 28.000000000000 	 23.797647753985 
14.000000000000 	 29.000000000000 	 23.368557440704 
14.000000000000 	 30.000000000000 	 22.860846787844 
14.000000000000 	 31.000000000000 	 22.272819565419 
14.000000000000 	 32.000000000000 	 21.602808121261 
14.000000000000 	 33.000000000000 	 20.849319412903 
14.000000000000 	 34.000000000000 	 20.011211036373 
14.000000000000 	 35.000000000000 	 19.087894235223 
14.000000000000 	 36.000000000000 	 18.079555216316 
14.000000000000 	 37.000000000000 	 16.987379038544 
14.000000000000 	 38.000000000000 	 15.813753102429 
14.000000000000 	 39.000000000000 	 14.562422052101 

15.000000000000 	 1.000000000000 	 4.777788357058 
15.000000000000 	 2.000000000000 	 6.528149497092 
15.000000000000 	 3.000000000000 	 8.223280838050 
15.000000000000 	 4.000000000000 	 9.851257642282 
15.000000000000 	 5.000000000000 	 11.402382517001 
15.000000000000 	 6.000000000000 	 12.869229451877 
15.000000000000 	 7.000000000000 	 14.246531442943 
15.000000000000 	 8.000000000000 	 15.530956613463 
15.000000000000 	 9.000000000000 	 16.720819579828 
15.000000000000 	 10.000000000000 	 17.815768531211 
15.000000000000 	 11.000000000000 	 18.816478324947 
15.000000000000 	 12.000000000000 	 19.724369209263 
15.000000000000 	 13.000000000000 	 20.541361587041 
15.000000000000 	 14.000000000000 	 21.269670349609 
15.000000000000 	 15.000000000000 	 21.911637760319 
15.000000000000 	 16.000000000000 	 22.469601267947 
15.000000000000 	 17.000000000000 	 22.945791465774 
15.000000000000 	 18.000000000000 	 23.342255200749 
15.000000000000 	 19.000000000000 	 23.660799194899 
15.000000000000 	 20.000000000000 	 23.902950196568 
15.000000000000 	 21.000000000000 	 24.069928458182 
15.000000000000 	 22.000000000000 	 24.162632140383 
15.000000000000 	 23.000000000000 	 24.181631020813 
15.000000000000 	 24.000000000000 	 24.127168622808 
15.000000000000 	 25.000000000000 	 23.999172574198 
15.000000000000 	 26.000000000000 	 23.797273664022 
15.000000000000 	 27.000000000000 	 23.520834684071 
15.000000000000 	 28.000000000000 	 23.168990706940 
15.000000000000 	 29.000000000000 	 22.740702921128 
15.000000000000 	 30.000000000000 	 22.234828438767 
15.000000000000 	 31.000000000000 	 21.650208489464 
15.000000000000 	 32.000000000000 	 20.985776942175 
15.000000000000 	 33.000000000000 	 20.240689947332 
15.000000000000 	 34.000000000000 	 19.414475457181 
15.000000000000 	 35.000000000000 	 18.507198339288 
15.000000000000 	 36.000000000000 	 17.519632828459 
15.000000000000 	 37.000000000000 	 16.453429604554 
15.000000000000 	 38.000000000000 	 15.311260746359 
15.000000000000 	 39.000000000000 	 14.096923535978 

16.000000000000 	 1.000000000000 	 4.584134567077 
16.000000000000 	 2.000000000000 	 6.266532340987 
16.000000000000 	 3.000000000000 	 7.899753237185 
16.000000000000 	 4.000000000000 	 9.472838807506 
16.000000000000 	 5.000000000000 	 10.976606494039 
16.000000000000 	 6.000000000000 	 12.403723617232 
16.000000000000 	 7.000000000000 	 13.748661676230 
16.000000000000 	 8.000000000000 	 15.007558285478 
16.000000000000 	 9.000000000000 	 16.178017795676 
16.000000000000 	 10.000000000000 	 17.258879757379 
16.000000000000 	 11.000000000000 	 18.249979130902 
16.000000000000 	 12.000000000000 	 19.151915621320 
16.000000000000 	 13.000000000000 	 19.965843219572 
16.000000000000 	 14.000000000000 	 20.693285788245 
16.000000000000 	 15.000000000000 	 21.335980635460 
16.000000000000 	 16.000000000000 	 21.895749422542 
16.000000000000 	 17.000000000000 	 22.374394230904 
16.000000000000 	 18.000000000000 	 22.773615901128 
16.000000000000 	 19.000000000000 	 23.094951601557 
16.000000000000 	 20.000000000000 	 23.339728781878 
16.000000000000 	 21.000000000000 	 23.509033070850 
16.000000000000 	 22.000000000000 	 23.603688186206 
16.000000000000 	 23.000000000000 	 23.624246475974 
16.000000000000 	 24.000000000000 	 23.570989266659 
16.000000000000 	 25.000000000000 	 23.443936732985 
16.000000000000 	 26.000000000000 	 23.242867509713 
16.000000000000 	 27.000000000000 	 22.967348720086 
16.000000000000 	 28.000000000000 	 22.616777469133 
16.000000000000 	 29.000000000000 	 22.190435098644 
16.000000000000 	 30.000000000000 	 21.687555557164 
16.000000000000 	 31.000000000000 	 21.107409012012 
16.000000000000 	 32.000000000000 	 20.449401211144 
16.000000000000 	 33.000000000000 	 19.713187977551 
16.000000000000 	 34.000000000000 	 18.898802506191 
16.000000000000 	 35.000000000000 	 18.006790836728 
16.000000000000 	 36.000000000000 	 17.038348154091 
16.000000000000 	 37.000000000000 	 15.995445805243 
16.000000000000 	 38.000000000000 	 14.880936742836 
16.000000000000 	 39.000000000000 	 13.698626313077 

17.000000000000 	 1.000000000000 	 4.427133465936 
17.000000000000 	 2.000000000000 	 6.054092062730 
17.000000000000 	 3.000000000000 	 7.636360962368 
17.000000000000 	 4.000000000000 	 9.163737856724 
17.000000000000 	 5.000000000000 	 10.627481034657 
17.000000000000 	 6.000000000000 	 12.020396847055 
17.000000000000 	 7.000000000000 	 13.336833359570 
17.000000000000 	 8.000000000000 	 14.572597056881 
17.000000000000 	 9.000000000000 	 15.724813560386 
17.000000000000 	 10.000000000000 	 16.791753572120 
17.000000000000 	 11.000000000000 	 17.772642820386 
17.000000000000 	 12.000000000000 	 18.667470925990 
17.000000000000 	 13.000000000000 	 19.476809882153 
17.000000000000 	 14.000000000000 	 20.201648948833 
17.000000000000 	 15.000000000000 	 20.843249571245 
17.000000000000 	 16.000000000000 	 21.403021556388 
17.000000000000 	 17.000000000000 	 21.882420134718 
17.000000000000 	 18.000000000000 	 22.282862571861 
17.000000000000 	 19.000000000000 	 22.605662528892 
17.000000000000 	 20.000000000000 	 22.851980259118 
17.000000000000 	 21.000000000000 	 23.022786857719 
17.000000000000 	 22.000000000000 	 23.118841058210 
17.000000000000 	 23.000000000000 	 23.140677430810 
17.000000000000 	 24.000000000000 	 23.088605235464 
17.000000000000 	 25.000000000000 	 22.962717581961 
17.000000000000 	 26.000000000000 	 22.762910922348 
17.000000000000 	 27.000000000000 	 22.488915218010 
17.000000000000 	 28.000000000000 	 22.140335351432 
17.000000000000 	 29.000000000000 	 21.716704447714 
17.000000000000 	 30.000000000000 	 21.217549679780 
17.000000000000 	 31.000000000000 	 20.642470790807 
17.000000000000 	 32.000000000000 	 19.991230913354 
17.000000000000 	 33.000000000000 	 19.263858246033 
17.000000000000 	 34.000000000000 	 18.460755753775 
17.000000000000 	 35.000000000000 	 17.582814347795 
17.000000000000 	 36.000000000000 	 16.631523146358 
17.000000000000 	 37.000000000000 	 15.609068719889 
17.000000000000 	 38.000000000000 	 14.518414107034 
17.000000000000 	 39.000000000000 	 13.363348325582 

18.000000000000 	 1.000000000000 	 4.303348817827 
18.000000000000 	 2.000000000000 	 5.886341481765 
18.000000000000 	 3.000000000000 	 7.427860693006 
18.000000000000 	 4.000000000000 	 8.918270622573 
18.000000000000 	 5.000000000000 	 10.349182941056 
18.000000000000 	 6.000000000000 	 11.713549377038 
18.000000000000 	 7.000000000000 	 13.005677858426 
18.000000000000 	 8.000000000000 	 14.221183022433 
18.000000000000 	 9.000000000000 	 15.356885817240 
18.000000000000 	 10.000000000000 	 16.410678150733 
18.000000000000 	 11.000000000000 	 17.381367652962 
18.000000000000 	 12.000000000000 	 18.268515380557 
18.000000000000 	 13.000000000000 	 19.072276434699 
18.000000000000 	 14.000000000000 	 19.793250554193 
18.000000000000 	 15.000000000000 	 20.432347144821 
18.000000000000 	 16.000000000000 	 20.990667097588 
18.000000000000 	 17.000000000000 	 21.469402180278 
18.000000000000 	 18.000000000000 	 21.869751723278 
18.000000000000 	 19.000000000000 	 22.192855683616 
18.000000000000 	 20.000000000000 	 22.439742868577 
18.000000000000 	 21.000000000000 	 22.611293043296 
18.000000000000 	 22.000000000000 	 22.708211758712 
18.000000000000 	 23.000000000000 	 22.731016954201 
18.000000000000 	 24.000000000000 	 22.680036663033 
18.000000000000 	 25.000000000000 	 22.555417437655 
18.000000000000 	 26.000000000000 	 22.357143380308 
18.000000000000 	 27.000000000000 	 22.085065878769 
18.000000000000 	 28.000000000000 	 21.738944271455 
18.000000000000 	 29.000000000000 	 21.318497661575 
18.000000000000 	 30.000000000000 	 20.823467923995 
18.000000000000 	 31.000000000000 	 20.253693558628 
18.000000000000 	 32.000000000000 	 19.609193405958 
18.000000000000 	 33.000000000000 	 18.890258339957 
18.000000000000 	 34.000000000000 	 18.097547915567 
18.000000000000 	 35.000000000000 	 17.232187654777 
18.000000000000 	 36.000000000000 	 16.295861364092 
18.000000000000 	 37.000000000000 	 15.290891821328 
18.000000000000 	 38.000000000000 	 14.220302640211 
18.000000000000 	 39.000000000000 	 13.087854404762 

19.000000000000 	 1.000000000000 	 4.210327312566 
19.000000000000 	 2.000000000000 	 5.760064353638 
19.000000000000 	 3.000000000000 	 7.270469705494 
19.000000000000 	 4.000000000000 	 8.732300999720 
19.000000000000 	 5.000000000000 	 10.137430730205 
19.000000000000 	 6.000000000000 	 11.478939861900 
19.000000000000 	 7.000000000000 	 12.751145674978 
19.000000000000 	 8.000000000000 	 13.949571357536 
19.000000000000 	 9.000000000000 	 15.070868535788 
19.000000000000 	 10.000000000000 	 16.112705561020 
19.000000000000 	 11.000000000000 	 17.073634260608 
19.000000000000 	 12.000000000000 	 17.952946509042 
19.000000000000 	 13.000000000000 	 18.750529922381 
19.000000000000 	 14.000000000000 	 19.466729688930 
19.000000000000 	 15.000000000000 	 20.102221356791 
19.000000000000 	 16.000000000000 	 20.657897509414 
19.000000000000 	 17.000000000000 	 21.134769766095 
19.000000000000 	 18.000000000000 	 21.533886457936 
19.000000000000 	 19.000000000000 	 21.856265614311 
19.000000000000 	 20.000000000000 	 22.102842488881 
19.000000000000 	 21.000000000000 	 22.274430688787 
19.000000000000 	 22.000000000000 	 22.371695979755 
19.000000000000 	 23.000000000000 	 22.395141964864 
19.000000000000 	 24.000000000000 	 22.345107025429 
19.000000000000 	 25.000000000000 	 22.221772125933 
19.000000000000 	 26.000000000000 	 22.025179283070 
19.000000000000 	 27.000000000000 	 21.755260645905 
19.000000000000 	 28.000000000000 	 21.411878194638 
19.000000000000 	 29.000000000000 	 20.994874003718 
19.000000000000 	 30.000000000000 	 20.504130796566 
19.000000000000 	 31.000000000000 	 19.939642114303 
19.000000000000 	 32.000000000000 	 19.301590812427 
19.000000000000 	 33.000000000000 	 18.590433792783 
19.000000000000 	 34.000000000000 	 17.806989914253 
19.000000000000 	 35.000000000000 	 16.952526992122 
19.000000000000 	 36.000000000000 	 16.028842834348 
19.000000000000 	 37.000000000000 	 15.038334561534 
19.000000000000 	 38.000000000000 	 13.984050228103 
19.000000000000 	 39.000000000000 	 12.869717194736 

20.000000000000 	 1.000000000000 	 4.146441508547 
20.000000000000 	 2.000000000000 	 5.673118914869 
20.000000000000 	 3.000000000000 	 7.161652775791 
20.000000000000 	 4.000000000000 	 8.603032940821 
20.000000000000 	 5.000000000000 	 9.989299118396 
20.000000000000 	 6.000000000000 	 11.313633665663 
20.000000000000 	 7.000000000000 	 12.570393622370 
20.000000000000 	 8.000000000000 	 13.755088197299 
20.000000000000 	 9.000000000000 	 14.864311407740 
20.000000000000 	 10.000000000000 	 15.895641297366 
20.000000000000 	 11.000000000000 	 16.847517319851 
20.000000000000 	 12.000000000000 	 17.719106473090 
20.000000000000 	 13.000000000000 	 18.510167057344 
20.000000000000 	 14.000000000000 	 19.220916922872 
20.000000000000 	 15.000000000000 	 19.851911084535 
20.000000000000 	 16.000000000000 	 20.403931817736 
20.000000000000 	 17.000000000000 	 20.877892917325 
20.000000000000 	 18.000000000000 	 21.274758728647 
20.000000000000 	 19.000000000000 	 21.595477827408 
20.000000000000 	 20.000000000000 	 21.840930784457 
20.000000000000 	 21.000000000000 	 22.011891243830 
20.000000000000 	 22.000000000000 	 22.108999507277 
20.000000000000 	 23.000000000000 	 22.132747900696 
20.000000000000 	 24.000000000000 	 22.083477348509 
20.000000000000 	 25.000000000000 	 21.961384758199 
20.000000000000 	 26.000000000000 	 21.766540980750 
20.000000000000 	 27.000000000000 	 21.498919227754 
20.000000000000 	 28.000000000000 	 21.158433858075 
20.000000000000 	 29.000000000000 	 20.744989362681 
20.000000000000 	 30.000000000000 	 20.258539144821 
20.000000000000 	 31.000000000000 	 19.699153290151 
20.000000000000 	 32.000000000000 	 19.067093937204 
20.000000000000 	 33.000000000000 	 18.362896105014 
20.000000000000 	 34.000000000000 	 17.587450957036 
20.000000000000 	 35.000000000000 	 16.742087565583 
20.000000000000 	 36.000000000000 	 15.828648420088 
20.000000000000 	 37.000000000000 	 14.849553362774 
20.000000000000 	 38.000000000000 	 13.807846516322 
20.000000000000 	 39.000000000000 	 12.707221242129 

21.000000000000 	 1.000000000000 	 4.110793864013 
21.000000000000 	 2.000000000000 	 5.624317021641 
21.000000000000 	 3.000000000000 	 7.099989542159 
21.000000000000 	 4.000000000000 	 8.528878869591 
21.000000000000 	 5.000000000000 	 9.903099137147 
21.000000000000 	 6.000000000000 	 11.215902060273 
21.000000000000 	 7.000000000000 	 12.461706951861 
21.000000000000 	 8.000000000000 	 13.636076401902 
21.000000000000 	 9.000000000000 	 14.735647600893 
21.000000000000 	 10.000000000000 	 15.758030901267 
21.000000000000 	 11.000000000000 	 16.701687248784 
21.000000000000 	 12.000000000000 	 17.565795006592 
21.000000000000 	 13.000000000000 	 18.350114911530 
21.000000000000 	 14.000000000000 	 19.054859861195 
21.000000000000 	 15.000000000000 	 19.680574241278 
21.000000000000 	 16.000000000000 	 20.228025760229 
21.000000000000 	 17.000000000000 	 20.698111357394 
21.000000000000 	 18.000000000000 	 21.091777712507 
21.000000000000 	 19.000000000000 	 21.409956182817 
21.000000000000 	 20.000000000000 	 21.653511578319 
21.000000000000 	 21.000000000000 	 21.823203995417 
21.000000000000 	 22.000000000000 	 21.919662905448 
21.000000000000 	 23.000000000000 	 21.943372782760 
21.000000000000 	 24.000000000000 	 21.894669710338 
21.000000000000 	 25.000000000000 	 21.773748578227 
21.000000000000 	 26.000000000000 	 21.580680654595 
21.000000000000 	 27.000000000000 	 21.315441426896 
21.000000000000 	 28.000000000000 	 20.977948647830 
21.000000000000 	 29.000000000000 	 20.568110444701 
21.000000000000 	 30.000000000000 	 20.085883130461 
21.000000000000 	 31.000000000000 	 19.531337964835 
21.000000000000 	 32.000000000000 	 18.904735541765 
21.000000000000 	 33.000000000000 	 18.206605733553 
21.000000000000 	 34.000000000000 	 17.437830243790 
21.000000000000 	 35.000000000000 	 16.599723893561 
21.000000000000 	 36.000000000000 	 15.694109918096 
21.000000000000 	 37.000000000000 	 14.723383953570 
21.000000000000 	 38.000000000000 	 13.690561232673 
21.000000000000 	 39.000000000000 	 12.599301946789 

22.000000000000 	 1.000000000000 	 4.103170760957 
22.000000000000 	 2.000000000000 	 5.613365765665 
22.000000000000 	 3.000000000000 	 7.085109501792 
22.000000000000 	 4.000000000000 	 8.509393858453 
22.000000000000 	 5.000000000000 	 9.878316500579 
22.000000000000 	 6.000000000000 	 11.185168486709 
22.000000000000 	 7.000000000000 	 12.424455723218 
22.000000000000 	 8.000000000000 	 13.591862857907 
22.000000000000 	 9.000000000000 	 14.684171693047 
22.000000000000 	 10.000000000000 	 15.699147458439 
22.000000000000 	 11.000000000000 	 16.635405767866 
22.000000000000 	 12.000000000000 	 17.492271393433 
22.000000000000 	 13.000000000000 	 18.269637721482 
22.000000000000 	 14.000000000000 	 18.967833369616 
22.000000000000 	 15.000000000000 	 19.587500259691 
22.000000000000 	 16.000000000000 	 20.129485625062 
22.000000000000 	 17.000000000000 	 20.594749040087 
22.000000000000 	 18.000000000000 	 20.984284581756 
22.000000000000 	 19.000000000000 	 21.299057613633 
22.000000000000 	 20.000000000000 	 21.539955351193 
22.000000000000 	 21.000000000000 	 21.707750254688 
22.000000000000 	 22.000000000000 	 21.803075336958 
22.000000000000 	 23.000000000000 	 21.826410615179 
22.000000000000 	 24.000000000000 	 21.778080132478 
22.000000000000 	 25.000000000000 	 21.658259190397 
22.000000000000 	 26.000000000000 	 21.466991633122 
22.000000000000 	 27.000000000000 	 21.204217178015 
22.000000000000 	 28.000000000000 	 20.869808862246 
22.000000000000 	 29.000000000000 	 20.463620638421 
22.000000000000 	 30.000000000000 	 19.985544968060 
22.000000000000 	 31.000000000000 	 19.435579897521 
22.000000000000 	 32.000000000000 	 18.813904532009 
22.000000000000 	 33.000000000000 	 18.120961044162 
22.000000000000 	 34.000000000000 	 17.357540391509 
22.000000000000 	 35.000000000000 	 16.524867847246 
22.000000000000 	 36.000000000000 	 15.624683405610 
22.000000000000 	 37.000000000000 	 14.659311301156 
22.000000000000 	 38.000000000000 	 13.631712514398 
22.000000000000 	 39.000000000000 	 12.545514451995 

23.000000000000 	 1.000000000000 	 4.124041688655 
23.000000000000 	 2.000000000000 	 5.640865778408 
23.000000000000 	 3.000000000000 	 7.117688841067 
23.000000000000 	 4.000000000000 	 8.545270562063 
23.000000000000 	 5.000000000000 	 9.915604520254 
23.000000000000 	 6.000000000000 	 11.221999663048 
23.000000000000 	 7.000000000000 	 12.459084596713 
23.000000000000 	 8.000000000000 	 13.622747613809 
23.000000000000 	 9.000000000000 	 14.710028855329 
23.000000000000 	 10.000000000000 	 15.718981471988 
23.000000000000 	 11.000000000000 	 16.648516971246 
23.000000000000 	 12.000000000000 	 17.498247078254 
23.000000000000 	 13.000000000000 	 18.268331211839 
23.000000000000 	 14.000000000000 	 18.959335636609 
23.000000000000 	 15.000000000000 	 19.572107803337 
23.000000000000 	 16.000000000000 	 20.107667440793 
23.000000000000 	 17.000000000000 	 20.567114596702 
23.000000000000 	 18.000000000000 	 20.951553961377 
23.000000000000 	 19.000000000000 	 21.262034339357 
23.000000000000 	 20.000000000000 	 21.499501958736 
23.000000000000 	 21.000000000000 	 21.664766335791 
23.000000000000 	 22.000000000000 	 21.758477573134 
23.000000000000 	 23.000000000000 	 21.781114209139 
23.000000000000 	 24.000000000000 	 21.732981014615 
23.000000000000 	 25.000000000000 	 21.614216418376 
23.000000000000 	 26.000000000000 	 21.424809510092 
23.000000000000 	 27.000000000000 	 21.164626790401 
23.000000000000 	 28.000000000000 	 20.833448985313 
23.000000000000 	 29.000000000000 	 20.431018279258 
23.000000000000 	 30.000000000000 	 19.957096206407 
23.000000000000 	 31.000000000000 	 19.411532125731 
23.000000000000 	 32.000000000000 	 18.794341645124 
23.000000000000 	 33.000000000000 	 18.105793520090 
23.000000000000 	 34.000000000000 	 17.346502431330 
23.000000000000 	 35.000000000000 	 16.517523698772 
23.000000000000 	 36.000000000000 	 15.620444556383 
23.000000000000 	 37.000000000000 	 14.657465331460 
23.000000000000 	 38.000000000000 	 13.631463072153 
23.000000000000 	 39.000000000000 	 12.546030208970 

24.000000000000 	 1.000000000000 	 4.174604159945 
24.000000000000 	 2.000000000000 	 5.708366818384 
24.000000000000 	 3.000000000000 	 7.199509522177 
24.000000000000 	 4.000000000000 	 8.638395028688 
24.000000000000 	 5.000000000000 	 10.016831355571 
24.000000000000 	 6.000000000000 	 11.328141048797 
24.000000000000 	 7.000000000000 	 12.567135387088 
24.000000000000 	 8.000000000000 	 13.730014145633 
24.000000000000 	 9.000000000000 	 14.814214642845 
24.000000000000 	 10.000000000000 	 15.818232603341 
24.000000000000 	 11.000000000000 	 16.741433567306 
24.000000000000 	 12.000000000000 	 17.583868736956 
24.000000000000 	 13.000000000000 	 18.346104411492 
24.000000000000 	 14.000000000000 	 19.029070162146 
24.000000000000 	 15.000000000000 	 19.633927876779 
24.000000000000 	 16.000000000000 	 20.161961738613 
24.000000000000 	 17.000000000000 	 20.614487945109 
24.000000000000 	 18.000000000000 	 20.992782328266 
24.000000000000 	 19.000000000000 	 21.298023824267 
24.000000000000 	 20.000000000000 	 21.531251809195 
24.000000000000 	 21.000000000000 	 21.693335557207 
24.000000000000 	 22.000000000000 	 21.784954411251 
24.000000000000 	 23.000000000000 	 21.806587634235 
24.000000000000 	 24.000000000000 	 21.758513299077 
24.000000000000 	 25.000000000000 	 21.640815959005 
24.000000000000 	 26.000000000000 	 21.453403199070 
24.000000000000 	 27.000000000000 	 21.196031488779 
24.000000000000 	 28.000000000000 	 20.868342009931 
24.000000000000 	 29.000000000000 	 20.469907287465 
24.000000000000 	 30.000000000000 	 20.000289453140 
24.000000000000 	 31.000000000000 	 19.459110754416 
24.000000000000 	 32.000000000000 	 18.846136403191 
24.000000000000 	 33.000000000000 	 18.161368960251 
24.000000000000 	 34.000000000000 	 17.405152115432 
24.000000000000 	 35.000000000000 	 16.578279960591 
24.000000000000 	 36.000000000000 	 15.682105790125 
24.000000000000 	 37.000000000000 	 14.718642396556 
24.000000000000 	 38.000000000000 	 13.690644234163 
24.000000000000 	 39.000000000000 	 12.601661303925 

25.000000000000 	 1.000000000000 	 4.256880532873 
25.000000000000 	 2.000000000000 	 5.818487813139 
25.000000000000 	 3.000000000000 	 7.333587400741 
25.000000000000 	 4.000000000000 	 8.791968675145 
25.000000000000 	 5.000000000000 	 10.185184824784 
25.000000000000 	 6.000000000000 	 11.506597789753 
25.000000000000 	 7.000000000000 	 12.751301757515 
25.000000000000 	 8.000000000000 	 13.915958939126 
25.000000000000 	 9.000000000000 	 14.998582967443 
25.000000000000 	 10.000000000000 	 15.998300731618 
25.000000000000 	 11.000000000000 	 16.915115958102 
25.000000000000 	 12.000000000000 	 17.749689891221 
25.000000000000 	 13.000000000000 	 18.503147535495 
25.000000000000 	 14.000000000000 	 19.176912724195 
25.000000000000 	 15.000000000000 	 19.772571803535 
25.000000000000 	 16.000000000000 	 20.291763692299 
25.000000000000 	 17.000000000000 	 20.736093117400 
25.000000000000 	 18.000000000000 	 21.107063582872 
25.000000000000 	 19.000000000000 	 21.406026820819 
25.000000000000 	 20.000000000000 	 21.634145897149 
25.000000000000 	 21.000000000000 	 21.792369673179 
25.000000000000 	 22.000000000000 	 21.881416881020 
25.000000000000 	 23.000000000000 	 21.901768618067 
25.000000000000 	 24.000000000000 	 21.853668589047 
25.000000000000 	 25.000000000000 	 21.737130920088 
25.000000000000 	 26.000000000000 	 21.551955838992 
25.000000000000 	 27.000000000000 	 21.297753956294 
25.000000000000 	 28.000000000000 	 20.973980278740 
25.000000000000 	 29.000000000000 	 20.579979408092 
25.000000000000 	 30.000000000000 	 20.115043564821 
25.000000000000 	 31.000000000000 	 19.578485036133 
25.000000000000 	 32.000000000000 	 18.969724253487 
25.000000000000 	 33.000000000000 	 18.288393802787 
25.000000000000 	 34.000000000000 	 17.534457110029 
25.000000000000 	 35.000000000000 	 16.708338238486 
25.000000000000 	 36.000000000000 	 15.811056247394 
25.000000000000 	 37.000000000000 	 14.844354230874 
25.000000000000 	 38.000000000000 	 13.810810164388 
25.000000000000 	 39.000000000000 	 12.713915042066 

26.000000000000 	 1.000000000000 	 4.373879825456 
26.000000000000 	 2.000000000000 	 5.975116500691 
26.000000000000 	 3.000000000000 	 7.524383592666 
26.000000000000 	 4.000000000000 	 9.010707446566 
26.000000000000 	 5.000000000000 	 10.425341478901 
26.000000000000 	 6.000000000000 	 11.761763528180 
26.000000000000 	 7.000000000000 	 13.015514914391 
26.000000000000 	 8.000000000000 	 14.183936886239 
26.000000000000 	 9.000000000000 	 15.265857556539 
26.000000000000 	 10.000000000000 	 16.261271397970 
26.000000000000 	 11.000000000000 	 17.171039642674 
26.000000000000 	 12.000000000000 	 17.996627334764 
26.000000000000 	 13.000000000000 	 18.739883115531 
26.000000000000 	 14.000000000000 	 19.402861396081 
26.000000000000 	 15.000000000000 	 19.987682921362 
26.000000000000 	 16.000000000000 	 20.496428110164 
26.000000000000 	 17.000000000000 	 20.931057249849 
26.000000000000 	 18.000000000000 	 21.293352065546 
26.000000000000 	 19.000000000000 	 21.584873979542 
26.000000000000 	 20.000000000000 	 21.806935285966 
26.000000000000 	 21.000000000000 	 21.960580357912 
26.000000000000 	 22.000000000000 	 22.046574822158 
26.000000000000 	 23.000000000000 	 22.065401368542 
26.000000000000 	 24.000000000000 	 22.017261519535 
26.000000000000 	 25.000000000000 	 21.902083293885 
26.000000000000 	 26.000000000000 	 21.719535281085 
26.000000000000 	 27.000000000000 	 21.469048219229 
26.000000000000 	 28.000000000000 	 21.149845741199 
26.000000000000 	 29.000000000000 	 20.760986501885 
26.000000000000 	 30.000000000000 	 20.301420362453 
26.000000000000 	 31.000000000000 	 19.770061572325 
26.000000000000 	 32.000000000000 	 19.165881772339 
26.000000000000 	 33.000000000000 	 18.488024887861 
26.000000000000 	 34.000000000000 	 17.735944283873 
26.000000000000 	 35.000000000000 	 16.909559636365 
26.000000000000 	 36.000000000000 	 16.009426730506 
26.000000000000 	 37.000000000000 	 15.036908115546 
26.000000000000 	 38.000000000000 	 13.994327150810 
26.000000000000 	 39.000000000000 	 12.885084116587 

27.000000000000 	 1.000000000000 	 4.529847377442 
27.000000000000 	 2.000000000000 	 6.183714771628 
27.000000000000 	 3.000000000000 	 7.778123022824 
27.000000000000 	 4.000000000000 	 9.301136039745 
27.000000000000 	 5.000000000000 	 10.743710116298 
27.000000000000 	 6.000000000000 	 12.099599929931 
27.000000000000 	 7.000000000000 	 13.365057485914 
27.000000000000 	 8.000000000000 	 14.538416135216 
27.000000000000 	 9.000000000000 	 15.619638974848 
27.000000000000 	 10.000000000000 	 16.609887661419 
27.000000000000 	 11.000000000000 	 17.511143880254 
27.000000000000 	 12.000000000000 	 18.325896690050 
27.000000000000 	 13.000000000000 	 19.056896196224 
27.000000000000 	 14.000000000000 	 19.706966823698 
27.000000000000 	 15.000000000000 	 20.278870376148 
27.000000000000 	 16.000000000000 	 20.775208577643 
27.000000000000 	 17.000000000000 	 21.198355706797 
27.000000000000 	 18.000000000000 	 21.550413450443 
27.000000000000 	 19.000000000000 	 21.833181746374 
27.000000000000 	 20.000000000000 	 22.048140909805 
27.000000000000 	 21.000000000000 	 22.196441650894 
27.000000000000 	 22.000000000000 	 22.278900681713 
27.000000000000 	 23.000000000000 	 22.296000514964 
27.000000000000 	 24.000000000000 	 22.247892827223 
27.000000000000 	 25.000000000000 	 22.134405455387 
27.000000000000 	 26.000000000000 	 21.955053772786 
27.000000000000 	 27.000000000000 	 21.709057898884 
27.000000000000 	 28.000000000000 	 21.395367965479 
27.000000000000 	 29.000000000000 	 21.012700496321 
27.000000000000 	 30.000000000000 	 20.559589811293 
27.000000000000 	 31.000000000000 	 20.034459118874 
27.000000000000 	 32.000000000000 	 19.435716376163 
27.000000000000 	 33.000000000000 	 18.761879692911 
27.000000000000 	 34.000000000000 	 18.011735501681 
27.000000000000 	 35.000000000000 	 17.184529293017 
27.000000000000 	 36.000000000000 	 16.280182923118 
27.000000000000 	 37.000000000000 	 15.299524350368 
27.000000000000 	 38.000000000000 	 14.244506207065 
27.000000000000 	 39.000000000000 	 13.118381440529 

28.000000000000 	 1.000000000000 	 4.730640301870 
28.000000000000 	 2.000000000000 	 6.451772185676 
28.000000000000 	 3.000000000000 	 8.103257687410 
28.000000000000 	 4.000000000000 	 9.672003573477 
28.000000000000 	 5.000000000000 	 11.148763016830 
28.000000000000 	 6.000000000000 	 12.527868589578 
28.000000000000 	 7.000000000000 	 13.806698964389 
28.000000000000 	 8.000000000000 	 14.985031194166 
28.000000000000 	 9.000000000000 	 16.064394546546 
28.000000000000 	 10.000000000000 	 17.047496392958 
28.000000000000 	 11.000000000000 	 17.937751527249 
28.000000000000 	 12.000000000000 	 18.738919349358 
28.000000000000 	 13.000000000000 	 19.454838156040 
28.000000000000 	 14.000000000000 	 20.089239326778 
28.000000000000 	 15.000000000000 	 20.645623182350 
28.000000000000 	 16.000000000000 	 21.127180117937 
28.000000000000 	 17.000000000000 	 21.536743549743 
28.000000000000 	 18.000000000000 	 21.876764283557 
28.000000000000 	 19.000000000000 	 22.149298646217 
28.000000000000 	 20.000000000000 	 22.356004956505 
28.000000000000 	 21.000000000000 	 22.498144654674 
28.000000000000 	 22.000000000000 	 22.576585739366 
28.000000000000 	 23.000000000000 	 22.591807182910 
28.000000000000 	 24.000000000000 	 22.543903819539 
28.000000000000 	 25.000000000000 	 22.432591928186 
28.000000000000 	 26.000000000000 	 22.257216456316 
28.000000000000 	 27.000000000000 	 22.016761638561 
28.000000000000 	 28.000000000000 	 21.709867726026 
28.000000000000 	 29.000000000000 	 21.334857707130 
28.000000000000 	 30.000000000000 	 20.889779268015 
28.000000000000 	 31.000000000000 	 20.372468716193 
28.000000000000 	 32.000000000000 	 19.780644920989 
28.000000000000 	 33.000000000000 	 19.112042006381 
28.000000000000 	 34.000000000000 	 18.364588737349 
28.000000000000 	 35.000000000000 	 17.536639111308 
28.000000000000 	 36.000000000000 	 16.627251318961 
28.000000000000 	 37.000000000000 	 15.636500156100 
28.000000000000 	 38.000000000000 	 14.565791886886 
28.000000000000 	 39.000000000000 	 13.418134129199 

29.000000000000 	 1.000000000000 	 4.984291455777 
29.000000000000 	 2.000000000000 	 6.789475981908 
29.000000000000 	 3.000000000000 	 8.511131967810 
29.000000000000 	 4.000000000000 	 10.134857550096 
29.000000000000 	 5.000000000000 	 11.651469788170 
29.000000000000 	 6.000000000000 	 13.056412447393 
29.000000000000 	 7.000000000000 	 14.348838588160 
29.000000000000 	 8.000000000000 	 15.530615130800 
29.000000000000 	 9.000000000000 	 16.605411624521 
29.000000000000 	 10.000000000000 	 17.577951836954 
29.000000000000 	 11.000000000000 	 18.453446486786 
29.000000000000 	 12.000000000000 	 19.237191024472 
29.000000000000 	 13.000000000000 	 19.934297752202 
29.000000000000 	 14.000000000000 	 20.549529145441 
29.000000000000 	 15.000000000000 	 21.087202908974 
29.000000000000 	 16.000000000000 	 21.551145162461 
29.000000000000 	 17.000000000000 	 21.944674091146 
29.000000000000 	 18.000000000000 	 22.270601488301 
29.000000000000 	 19.000000000000 	 22.531243598917 
29.000000000000 	 20.000000000000 	 22.728435615816 
29.000000000000 	 21.000000000000 	 22.863546272430 
29.000000000000 	 22.000000000000 	 22.937490438669 
29.000000000000 	 23.000000000000 	 22.950738658278 
29.000000000000 	 24.000000000000 	 22.903323340344 
29.000000000000 	 25.000000000000 	 22.794841982004 
29.000000000000 	 26.000000000000 	 22.624458486229 
29.000000000000 	 27.000000000000 	 22.390904473514 
29.000000000000 	 28.000000000000 	 22.092483593420 
29.000000000000 	 29.000000000000 	 21.727083338636 
29.000000000000 	 30.000000000000 	 21.292200837908 
29.000000000000 	 31.000000000000 	 20.784991557347 
29.000000000000 	 32.000000000000 	 20.202352585655 
29.000000000000 	 33.000000000000 	 19.541054674698 
29.000000000000 	 34.000000000000 	 18.797938330427 
29.000000000000 	 35.000000000000 	 17.970187096289 
29.000000000000 	 36.000000000000 	 17.055683085680 
29.000000000000 	 37.000000000000 	 16.053433068523 
29.000000000000 	 38.000000000000 	 14.964027055496 
29.000000000000 	 39.000000000000 	 13.790059435853 

30.000000000000 	 1.000000000000 	 5.301867379548 
30.000000000000 	 2.000000000000 	 7.210708318477 
30.000000000000 	 3.000000000000 	 9.016936651961 
30.000000000000 	 4.000000000000 	 10.704824871091 
30.000000000000 	 5.000000000000 	 12.265846138552 
30.000000000000 	 6.000000000000 	 13.697472823882 
30.000000000000 	 7.000000000000 	 15.001627810301 
30.000000000000 	 8.000000000000 	 16.183179116620 
30.000000000000 	 9.000000000000 	 17.248684984078 
30.000000000000 	 10.000000000000 	 18.205452843867 
30.000000000000 	 11.000000000000 	 19.060891558807 
30.000000000000 	 12.000000000000 	 19.822100509899 
30.000000000000 	 13.000000000000 	 20.495632683231 
30.000000000000 	 14.000000000000 	 21.087376594204 
30.000000000000 	 15.000000000000 	 21.602514146051 
30.000000000000 	 16.000000000000 	 22.045523532211 
30.000000000000 	 17.000000000000 	 22.420206164515 
30.000000000000 	 18.000000000000 	 22.729723980031 
30.000000000000 	 19.000000000000 	 22.976638645790 
30.000000000000 	 20.000000000000 	 23.162947635877 
30.000000000000 	 21.000000000000 	 23.290114381032 
30.000000000000 	 22.000000000000 	 23.359091085075 
30.000000000000 	 23.000000000000 	 23.370333671663 
30.000000000000 	 24.000000000000 	 23.323808902030 
30.000000000000 	 25.000000000000 	 23.218994173730 
30.000000000000 	 26.000000000000 	 23.054871033554 
30.000000000000 	 27.000000000000 	 22.829914176311 
30.000000000000 	 28.000000000000 	 22.542078835962 
30.000000000000 	 29.000000000000 	 22.188791216535 
30.000000000000 	 30.000000000000 	 21.766949188073 
30.000000000000 	 31.000000000000 	 21.272944090059 
30.000000000000 	 32.000000000000 	 20.702719189997 
30.000000000000 	 33.000000000000 	 20.051885776726 
30.000000000000 	 34.000000000000 	 19.315922813752 
30.000000000000 	 35.000000000000 	 18.490487858100 
30.000000000000 	 36.000000000000 	 17.571860859287 
30.000000000000 	 37.000000000000 	 16.557521977136 
30.000000000000 	 38.000000000000 	 15.446823831019 
30.000000000000 	 39.000000000000 	 14.241658890031 

31.000000000000 	 1.000000000000 	 5.698802631794 
31.000000000000 	 2.000000000000 	 7.734553260589 
31.000000000000 	 3.000000000000 	 9.641081450593 
31.000000000000 	 4.000000000000 	 11.401659143907 
31.000000000000 	 5.000000000000 	 13.009617071242 
31.000000000000 	 6.000000000000 	 14.466004899487 
31.000000000000 	 7.000000000000 	 15.777020712770 
31.000000000000 	 8.000000000000 	 16.951788541552 
31.000000000000 	 9.000000000000 	 18.000696351576 
31.000000000000 	 10.000000000000 	 18.934282995922 
31.000000000000 	 11.000000000000 	 19.762566394988 
31.000000000000 	 12.000000000000 	 20.494686773420 
31.000000000000 	 13.000000000000 	 21.138755876968 
31.000000000000 	 14.000000000000 	 21.701830402457 
31.000000000000 	 15.000000000000 	 22.189953549198 
31.000000000000 	 16.000000000000 	 22.608228656212 
31.000000000000 	 17.000000000000 	 22.960903055078 
31.000000000000 	 18.000000000000 	 23.251449621934 
31.000000000000 	 19.000000000000 	 23.482639368761 
31.000000000000 	 20.000000000000 	 23.656601901301 
31.000000000000 	 21.000000000000 	 23.774872531182 
31.000000000000 	 22.000000000000 	 23.838425849376 
31.000000000000 	 23.000000000000 	 23.847696041712 
31.000000000000 	 24.000000000000 	 23.802584422823 
31.000000000000 	 25.000000000000 	 23.702454777774 
31.000000000000 	 26.000000000000 	 23.546117298383 
31.000000000000 	 27.000000000000 	 23.331802362645 
31.000000000000 	 28.000000000000 	 23.057126358008 
31.000000000000 	 29.000000000000 	 22.719053503885 
31.000000000000 	 30.000000000000 	 22.313860608197 
31.000000000000 	 31.000000000000 	 21.837116425215 
31.000000000000 	 32.000000000000 	 21.283694307931 
31.000000000000 	 33.000000000000 	 20.647846428825 
31.000000000000 	 34.000000000000 	 19.923379290106 
31.000000000000 	 35.000000000000 	 19.103980663407 
31.000000000000 	 36.000000000000 	 18.183750516550 
31.000000000000 	 37.000000000000 	 17.157970150011 
31.000000000000 	 38.000000000000 	 16.024087401689 
31.000000000000 	 39.000000000000 	 14.782789666205 

32.000000000000 	 1.000000000000 	 6.197038242234 
32.000000000000 	 2.000000000000 	 8.387620641585 
32.000000000000 	 3.000000000000 	 10.411176746031 
32.000000000000 	 4.000000000000 	 12.251113182843 
32.000000000000 	 5.000000000000 	 13.904958103185 
32.000000000000 	 6.000000000000 	 15.379908990239 
32.000000000000 	 7.000000000000 	 16.688661599948 
32.000000000000 	 8.000000000000 	 17.846257985472 
32.000000000000 	 9.000000000000 	 18.868028885002 
32.000000000000 	 10.000000000000 	 19.768416393526 
32.000000000000 	 11.000000000000 	 20.560404252093 
32.000000000000 	 12.000000000000 	 21.255324312128 
32.000000000000 	 13.000000000000 	 21.862873649087 
32.000000000000 	 14.000000000000 	 22.391235589795 
32.000000000000 	 15.000000000000 	 22.847240992421 
32.000000000000 	 16.000000000000 	 23.236534488721 
32.000000000000 	 17.000000000000 	 23.563727778024 
32.000000000000 	 18.000000000000 	 23.832532084247 
32.000000000000 	 19.000000000000 	 24.045867306408 
32.000000000000 	 20.000000000000 	 24.205948069778 
32.000000000000 	 21.000000000000 	 24.314347993422 
32.000000000000 	 22.000000000000 	 24.372043739939 
32.000000000000 	 23.000000000000 	 24.379440223391 
32.000000000000 	 24.000000000000 	 24.336377970183 
32.000000000000 	 25.000000000000 	 24.242123216565 
32.000000000000 	 26.000000000000 	 24.095341019959 
32.000000000000 	 27.000000000000 	 23.894051618274 
32.000000000000 	 28.000000000000 	 23.635570729933 
32.000000000000 	 29.000000000000 	 23.316435833182 
32.000000000000 	 30.000000000000 	 22.932323315989 
32.000000000000 	 31.000000000000 	 22.477966695035 
32.000000000000 	 32.000000000000 	 21.947095188039 
32.000000000000 	 33.000000000000 	 21.332426340874 
32.000000000000 	 34.000000000000 	 20.625767254765 
32.000000000000 	 35.000000000000 	 19.818304989179 
32.000000000000 	 36.000000000000 	 18.901190393784 
32.000000000000 	 37.000000000000 	 17.866520704940 
32.000000000000 	 38.000000000000 	 16.708765959775 
32.000000000000 	 39.000000000000 	 15.426512676782 

33.000000000000 	 1.000000000000 	 6.828580794222 
33.000000000000 	 2.000000000000 	 9.207714317568 
33.000000000000 	 3.000000000000 	 11.364891709208 
33.000000000000 	 4.000000000000 	 13.286658738374 
33.000000000000 	 5.000000000000 	 14.979193168563 
33.000000000000 	 6.000000000000 	 16.460011358506 
33.000000000000 	 7.000000000000 	 17.751458711498 
33.000000000000 	 8.000000000000 	 18.876552915593 
33.000000000000 	 9.000000000000 	 19.856744809659 
33.000000000000 	 10.000000000000 	 20.710949441333 
33.000000000000 	 11.000000000000 	 21.455309907988 
33.000000000000 	 12.000000000000 	 22.103332574189 
33.000000000000 	 13.000000000000 	 22.666178817747 
33.000000000000 	 14.000000000000 	 23.152997315519 
33.000000000000 	 15.000000000000 	 23.571240342285 
33.000000000000 	 16.000000000000 	 23.926940528556 
33.000000000000 	 17.000000000000 	 24.224941484385 
33.000000000000 	 18.000000000000 	 24.469083630969 
33.000000000000 	 19.000000000000 	 24.662349703199 
33.000000000000 	 20.000000000000 	 24.806975078341 
33.000000000000 	 21.000000000000 	 24.904527633151 
33.000000000000 	 22.000000000000 	 24.955960893931 
33.000000000000 	 23.000000000000 	 24.961643142099 
33.000000000000 	 24.000000000000 	 24.921364018321 
33.000000000000 	 25.000000000000 	 24.834319098709 
33.000000000000 	 26.000000000000 	 24.699071946979 
33.000000000000 	 27.000000000000 	 24.513492360919 
33.000000000000 	 28.000000000000 	 24.274669110619 
33.000000000000 	 29.000000000000 	 23.978795783270 
33.000000000000 	 30.000000000000 	 23.621030127878 
33.000000000000 	 31.000000000000 	 23.195331851228 
33.000000000000 	 32.000000000000 	 22.694293408635 
33.000000000000 	 33.000000000000 	 22.108996492174 
33.000000000000 	 34.000000000000 	 21.428958399192 
33.000000000000 	 35.000000000000 	 20.642281645041 
33.000000000000 	 36.000000000000 	 19.736185364729 
33.000000000000 	 37.000000000000 	 18.698156316437 
33.000000000000 	 38.000000000000 	 17.517943055917 
33.000000000000 	 39.000000000000 	 16.190392647920 

34.000000000000 	 1.000000000000 	 7.641707620751 
34.000000000000 	 2.000000000000 	 10.249764125329 
34.000000000000 	 3.000000000000 	 12.554017034954 
34.000000000000 	 4.000000000000 	 14.551436892996 
34.000000000000 	 5.000000000000 	 16.265144474319 
34.000000000000 	 6.000000000000 	 17.729484563875 
34.000000000000 	 7.000000000000 	 18.980608972114 
34.000000000000 	 8.000000000000 	 20.051750155927 
34.000000000000 	 9.000000000000 	 20.971447996910 
34.000000000000 	 10.000000000000 	 21.763326654376 
34.000000000000 	 11.000000000000 	 22.446553364569 
34.000000000000 	 12.000000000000 	 23.036517259138 
34.000000000000 	 13.000000000000 	 23.545511732450 
34.000000000000 	 14.000000000000 	 23.983334512522 
34.000000000000 	 15.000000000000 	 24.357782532925 
34.000000000000 	 16.000000000000 	 24.675045799124 
34.000000000000 	 17.000000000000 	 24.940014000292 
34.000000000000 	 18.000000000000 	 25.156511252350 
34.000000000000 	 19.000000000000 	 25.327472797392 
34.000000000000 	 20.000000000000 	 25.455074907554 
34.000000000000 	 21.000000000000 	 25.540826567232 
34.000000000000 	 22.000000000000 	 25.585629060861 
34.000000000000 	 23.000000000000 	 25.589807433078 
34.000000000000 	 24.000000000000 	 25.553115862621 
34.000000000000 	 25.000000000000 	 25.474717213296 
34.000000000000 	 26.000000000000 	 25.353135308651 
34.000000000000 	 27.000000000000 	 25.186176768125 
34.000000000000 	 28.000000000000 	 24.970817568668 
34.000000000000 	 29.000000000000 	 24.703048061708 
34.000000000000 	 30.000000000000 	 24.377669561328 
34.000000000000 	 31.000000000000 	 23.988037173654 
34.000000000000 	 32.000000000000 	 23.525750103381 
34.000000000000 	 33.000000000000 	 22.980307820266 
34.000000000000 	 34.000000000000 	 22.338788205050 
34.000000000000 	 35.000000000000 	 21.585677827310 
34.000000000000 	 36.000000000000 	 20.703113103886 
34.000000000000 	 37.000000000000 	 19.671976140383 
34.000000000000 	 38.000000000000 	 18.474457299740 
34.000000000000 	 39.000000000000 	 17.098576088333 

35.000000000000 	 1.000000000000 	 8.712418300530 
35.000000000000 	 2.000000000000 	 11.595617528108 
35.000000000000 	 3.000000000000 	 14.049975412364 
35.000000000000 	 4.000000000000 	 16.099927324434 
35.000000000000 	 5.000000000000 	 17.800463271958 
35.000000000000 	 6.000000000000 	 19.212173450688 
35.000000000000 	 7.000000000000 	 20.389742457304 
35.000000000000 	 8.000000000000 	 21.378390739251 
35.000000000000 	 9.000000000000 	 22.213970367853 
35.000000000000 	 10.000000000000 	 22.924355814880 
35.000000000000 	 11.000000000000 	 23.531059636976 
35.000000000000 	 12.000000000000 	 24.050671365558 
35.000000000000 	 13.000000000000 	 24.496016340616 
35.000000000000 	 14.000000000000 	 24.877046469429 
35.000000000000 	 15.000000000000 	 25.201509478012 
35.000000000000 	 16.000000000000 	 25.475446134978 
35.000000000000 	 17.000000000000 	 25.703557465569 
35.000000000000 	 18.000000000000 	 25.889474581017 
35.000000000000 	 19.000000000000 	 26.035955326736 
35.000000000000 	 20.000000000000 	 26.145025187529 
35.000000000000 	 21.000000000000 	 26.218074667642 
35.000000000000 	 22.000000000000 	 26.255921349486 
35.000000000000 	 23.000000000000 	 26.258841667016 
35.000000000000 	 24.000000000000 	 26.226574786071 
35.000000000000 	 25.000000000000 	 26.158298583486 
35.000000000000 	 26.000000000000 	 26.052575306485 
35.000000000000 	 27.000000000000 	 25.907261834538 
35.000000000000 	 28.000000000000 	 25.719376334494 
35.000000000000 	 29.000000000000 	 25.484909333835 
35.000000000000 	 30.000000000000 	 25.198562882334 
35.000000000000 	 31.000000000000 	 24.853397178934 
35.000000000000 	 32.000000000000 	 24.440362011215 
35.000000000000 	 33.000000000000 	 23.947696480694 
35.000000000000 	 34.000000000000 	 23.360208773657 
35.000000000000 	 35.000000000000 	 22.658528355477 
35.000000000000 	 36.000000000000 	 21.818613083327 
35.000000000000 	 37.000000000000 	 20.812177841658 
35.000000000000 	 38.000000000000 	 19.609333914504 
35.000000000000 	 39.000000000000 	 18.185294325531 

36.000000000000 	 1.000000000000 	 10.167086615470 
36.000000000000 	 2.000000000000 	 13.370312274262 
36.000000000000 	 3.000000000000 	 15.950339762027 
36.000000000000 	 4.000000000000 	 17.997833720500 
36.000000000000 	 5.000000000000 	 19.624607838487 
36.000000000000 	 6.000000000000 	 20.929003509727 
36.000000000000 	 7.000000000000 	 21.987796667284 
36.000000000000 	 8.000000000000 	 22.858099976054 
36.000000000000 	 9.000000000000 	 23.581686920517 
36.000000000000 	 10.000000000000 	 24.189066600476 
36.000000000000 	 11.000000000000 	 24.702658003065 
36.000000000000 	 12.000000000000 	 25.139092225681 
36.000000000000 	 13.000000000000 	 25.510835795218 
36.000000000000 	 14.000000000000 	 25.827325546762 
36.000000000000 	 15.000000000000 	 26.095762774924 
36.000000000000 	 16.000000000000 	 26.321671797418 
36.000000000000 	 17.000000000000 	 26.509295146208 
36.000000000000 	 18.000000000000 	 26.661874279636 
36.000000000000 	 19.000000000000 	 26.781848741236 
36.000000000000 	 20.000000000000 	 26.870995848416 
36.000000000000 	 21.000000000000 	 26.930525566559 
36.000000000000 	 22.000000000000 	 26.961140002661 
36.000000000000 	 23.000000000000 	 26.963063099667 
36.000000000000 	 24.000000000000 	 26.936043031401 
36.000000000000 	 25.000000000000 	 26.879327028329 
36.000000000000 	 26.000000000000 	 26.791605499504 
36.000000000000 	 27.000000000000 	 26.670918929281 
36.000000000000 	 28.000000000000 	 26.514516601164 
36.000000000000 	 29.000000000000 	 26.318650057030 
36.000000000000 	 30.000000000000 	 26.078275455458 
36.000000000000 	 31.000000000000 	 25.786626648746 
36.000000000000 	 32.000000000000 	 25.434604282059 
36.000000000000 	 33.000000000000 	 25.009907317839 
36.000000000000 	 34.000000000000 	 24.495822053598 
36.000000000000 	 35.000000000000 	 23.869613737796 
36.000000000000 	 36.000000000000 	 23.100633032459 
36.000000000000 	 37.000000000000 	 22.148788228577 
36.000000000000 	 38.000000000000 	 20.965406191238 
36.000000000000 	 39.000000000000 	 19.501181548940 

37.000000000000 	 1.000000000000 	 12.231186752450 
37.000000000000 	 2.000000000000 	 15.768205191486 
37.000000000000 	 3.000000000000 	 18.383237641039 
37.000000000000 	 4.000000000000 	 20.316459957119 
37.000000000000 	 5.000000000000 	 21.771130851840 
37.000000000000 	 6.000000000000 	 22.891436082538 
37.000000000000 	 7.000000000000 	 23.774340726150 
37.000000000000 	 8.000000000000 	 24.484525577274 
37.000000000000 	 9.000000000000 	 25.065610737806 
37.000000000000 	 10.000000000000 	 25.547565663570 
37.000000000000 	 11.000000000000 	 25.951413549263 
37.000000000000 	 12.000000000000 	 26.292203739029 
37.000000000000 	 13.000000000000 	 26.580909067967 
37.000000000000 	 14.000000000000 	 26.825657147637 
37.000000000000 	 15.000000000000 	 27.032544277668 
37.000000000000 	 16.000000000000 	 27.206183133737 
37.000000000000 	 17.000000000000 	 27.350077042385 
37.000000000000 	 18.000000000000 	 27.466878650266 
37.000000000000 	 19.000000000000 	 27.558569510342 
37.000000000000 	 20.000000000000 	 27.626583898528 
37.000000000000 	 21.000000000000 	 27.671891747708 
37.000000000000 	 22.000000000000 	 27.695049995125 
37.000000000000 	 23.000000000000 	 27.696227697784 
37.000000000000 	 24.000000000000 	 27.675207211731 
37.000000000000 	 25.000000000000 	 27.631360999117 
37.000000000000 	 26.000000000000 	 27.563600734112 
37.000000000000 	 27.000000000000 	 27.470291782106 
37.000000000000 	 28.000000000000 	 27.349121084037 
37.000000000000 	 29.000000000000 	 27.196898837847 
37.000000000000 	 30.000000000000 	 27.009262233899 
37.000000000000 	 31.000000000000 	 26.780229678707 
37.000000000000 	 32.000000000000 	 26.501521150604 
37.000000000000 	 33.000000000000 	 26.161506455165 
37.000000000000 	 34.000000000000 	 25.743558385254 
37.000000000000 	 35.000000000000 	 25.223471509795 
37.000000000000 	 36.000000000000 	 24.565517080276 
37.000000000000 	 37.000000000000 	 23.716935849081 
37.000000000000 	 38.000000000000 	 22.602321073052 
37.000000000000 	 39.000000000000 	 21.125678816430 

38.000000000000 	 1.000000000000 	 15.344963482588 
38.000000000000 	 2.000000000000 	 19.088084098227 
38.000000000000 	 3.000000000000 	 21.497945653565 
38.000000000000 	 4.000000000000 	 23.113637615147 
38.000000000000 	 5.000000000000 	 24.252019529274 
38.000000000000 	 6.000000000000 	 25.091269242503 
38.000000000000 	 7.000000000000 	 25.733604577578 
38.000000000000 	 8.000000000000 	 26.240050869171 
38.000000000000 	 9.000000000000 	 26.648664789951 
38.000000000000 	 10.000000000000 	 26.984171766830 
38.000000000000 	 11.000000000000 	 27.263226791494 
38.000000000000 	 12.000000000000 	 27.497400113315 
38.000000000000 	 13.000000000000 	 27.694939590100 
38.000000000000 	 14.000000000000 	 27.861849698271 
38.000000000000 	 15.000000000000 	 28.002574054502 
38.000000000000 	 16.000000000000 	 28.120439417605 
38.000000000000 	 17.000000000000 	 28.217951239463 
38.000000000000 	 18.000000000000 	 28.296993768838 
38.000000000000 	 19.000000000000 	 28.358966751478 
38.000000000000 	 20.000000000000 	 28.404878487789 
38.000000000000 	 21.000000000000 	 28.435407530762 
38.000000000000 	 22.000000000000 	 28.450940532493 
38.000000000000 	 23.000000000000 	 28.451590484760 
38.000000000000 	 24.000000000000 	 28.437197118767 
38.000000000000 	 25.000000000000 	 28.407309022443 
38.000000000000 	 26.000000000000 	 28.361144655863 
38.000000000000 	 27.000000000000 	 28.297526381137 
38.000000000000 	 28.000000000000 	 28.214777115173 
38.000000000000 	 29.000000000000 	 28.110561976558 
38.000000000000 	 30.000000000000 	 27.981644963717 
38.000000000000 	 31.000000000000 	 27.823508681711 
38.000000000000 	 32.000000000000 	 27.629744186612 
38.000000000000 	 33.000000000000 	 27.391038967083 
38.000000000000 	 34.000000000000 	 27.093433522575 
38.000000000000 	 35.000000000000 	 26.715196835967 
38.000000000000 	 36.000000000000 	 26.221027929871 
38.000000000000 	 37.000000000000 	 25.551117014518 
38.000000000000 	 38.000000000000 	 24.601263435549 
38.000000000000 	 39.000000000000 	 23.194050083420 

39.000000000000 	 1.000000000000 	 20.469980903073 
39.000000000000 	 2.000000000000 	 23.741222065291 
39.000000000000 	 3.000000000000 	 25.406823259877 
39.000000000000 	 4.000000000000 	 26.388125320663 
39.000000000000 	 5.000000000000 	 27.032040407646 
39.000000000000 	 6.000000000000 	 27.488016780666 
39.000000000000 	 7.000000000000 	 27.828757472538 
39.000000000000 	 8.000000000000 	 28.093408531935 
39.000000000000 	 9.000000000000 	 28.304825786057 
39.000000000000 	 10.000000000000 	 28.477229822372 
39.000000000000 	 11.000000000000 	 28.619921736635 
39.000000000000 	 12.000000000000 	 28.739230332709 
39.000000000000 	 13.000000000000 	 28.839599480924 
39.000000000000 	 14.000000000000 	 28.924228000925 
39.000000000000 	 15.000000000000 	 28.995462824548 
39.000000000000 	 16.000000000000 	 29.055049242806 
39.000000000000 	 17.000000000000 	 29.104294729115 
39.000000000000 	 18.000000000000 	 29.144178434236 
39.000000000000 	 19.000000000000 	 29.175425239038 
39.000000000000 	 20.000000000000 	 29.198555770483 
39.000000000000 	 21.000000000000 	 29.213919355155 
39.000000000000 	 22.000000000000 	 29.221714119423 
39.000000000000 	 23.000000000000 	 29.221996590091 
39.000000000000 	 24.000000000000 	 29.214681756233 
39.000000000000 	 25.000000000000 	 29.199533316122 
39.000000000000 	 26.000000000000 	 29.176142485859 
39.000000000000 	 27.000000000000 	 29.143891971500 
39.000000000000 	 28.000000000000 	 29.101899019054 
39.000000000000 	 29.000000000000 	 29.048926989589 
39.000000000000 	 30.000000000000 	 28.983246962789 
39.000000000000 	 31.000000000000 	 28.902415897897 
39.000000000000 	 32.000000000000 	 28.802907947132 
39.000000000000 	 33.000000000000 	 28.679471704062 
39.000000000000 	 34.000000000000 	 28.523939902074 
39.000000000000 	 35.000000000000 	 28.322854381699 
39.000000000000 	 36.000000000000 	 28.052280788793 
39.000000000000 	 37.000000000000 	 27.665240843637 
39.000000000000 	 38.000000000000 	 27.057565571269 
39.000000000000 	 39.000000000000 	 25.963758005919 

