1.000000000000 	 1.000000000000 	 27.185537030406 
1.000000000000 	 2.000000000000 	 31.507237649086 
1.000000000000 	 3.000000000000 	 33.688714226764 
1.000000000000 	 4.000000000000 	 34.958586618670 
1.000000000000 	 5.000000000000 	 35.779564755760 
1.000000000000 	 6.000000000000 	 36.351067444296 
1.000000000000 	 7.000000000000 	 36.770179798786 
1.000000000000 	 8.000000000000 	 37.089236876682 
1.000000000000 	 9.000000000000 	 37.338845452187 
1.000000000000 	 10.000000000000 	 37.538090194991 
1.000000000000 	 11.000000000000 	 37.699487646791 
1.000000000000 	 12.000000000000 	 37.831582236366 
1.000000000000 	 13.000000000000 	 37.940395933009 
1.000000000000 	 14.000000000000 	 38.030281348486 
1.000000000000 	 15.000000000000 	 38.104445949113 
1.000000000000 	 16.000000000000 	 38.165285770272 
1.000000000000 	 17.000000000000 	 38.214603942954 
1.000000000000 	 18.000000000000 	 38.253756813498 
1.000000000000 	 19.000000000000 	 38.283752826066 
1.000000000000 	 20.000000000000 	 38.305319364344 
1.000000000000 	 21.000000000000 	 38.318946842384 
1.000000000000 	 22.000000000000 	 38.324915649281 
1.000000000000 	 23.000000000000 	 38.323309080521 
1.000000000000 	 24.000000000000 	 38.314013533266 
1.000000000000 	 25.000000000000 	 38.296705595702 
1.000000000000 	 26.000000000000 	 38.270823866004 
1.000000000000 	 27.000000000000 	 38.235520971904 
1.000000000000 	 28.000000000000 	 38.189587680199 
1.000000000000 	 29.000000000000 	 38.131335030850 
1.000000000000 	 30.000000000000 	 38.058409839651 
1.000000000000 	 31.000000000000 	 37.967498948600 
1.000000000000 	 32.000000000000 	 37.853837691942 
1.000000000000 	 33.000000000000 	 37.710352962726 
1.000000000000 	 34.000000000000 	 37.526076241595 
1.000000000000 	 35.000000000000 	 37.282977020659 
1.000000000000 	 36.000000000000 	 36.949049245499 
1.000000000000 	 37.000000000000 	 36.461554568052 
1.000000000000 	 38.000000000000 	 35.681493602005 
1.000000000000 	 39.000000000000 	 34.254756534098 

2.000000000000 	 1.000000000000 	 20.244537847938 
2.000000000000 	 2.000000000000 	 25.155505458657 
2.000000000000 	 3.000000000000 	 28.290053560690 
2.000000000000 	 4.000000000000 	 30.367299042356 
2.000000000000 	 5.000000000000 	 31.810042111269 
2.000000000000 	 6.000000000000 	 32.856162116509 
2.000000000000 	 7.000000000000 	 33.642244849944 
2.000000000000 	 8.000000000000 	 34.249937881864 
2.000000000000 	 9.000000000000 	 34.730247846132 
2.000000000000 	 10.000000000000 	 35.116389407916 
2.000000000000 	 11.000000000000 	 35.430798978781 
2.000000000000 	 12.000000000000 	 35.689115149568 
2.000000000000 	 13.000000000000 	 35.902528189342 
2.000000000000 	 14.000000000000 	 36.079218589680 
2.000000000000 	 15.000000000000 	 36.225267098127 
2.000000000000 	 16.000000000000 	 36.345246839036 
2.000000000000 	 17.000000000000 	 36.442617586514 
2.000000000000 	 18.000000000000 	 36.519992835209 
2.000000000000 	 19.000000000000 	 36.579322369247 
2.000000000000 	 20.000000000000 	 36.622016656021 
2.000000000000 	 21.000000000000 	 36.649029423208 
2.000000000000 	 22.000000000000 	 36.660908415107 
2.000000000000 	 23.000000000000 	 36.657819977670 
2.000000000000 	 24.000000000000 	 36.639549818355 
2.000000000000 	 25.000000000000 	 36.605479348509 
2.000000000000 	 26.000000000000 	 36.554533849396 
2.000000000000 	 27.000000000000 	 36.485094620902 
2.000000000000 	 28.000000000000 	 36.394861264734 
2.000000000000 	 29.000000000000 	 36.280640607273 
2.000000000000 	 30.000000000000 	 36.138022324375 
2.000000000000 	 31.000000000000 	 35.960871972590 
2.000000000000 	 32.000000000000 	 35.740517534794 
2.000000000000 	 33.000000000000 	 35.464400189843 
2.000000000000 	 34.000000000000 	 35.113749935563 
2.000000000000 	 35.000000000000 	 34.659419811538 
2.000000000000 	 36.000000000000 	 34.054154988475 
2.000000000000 	 37.000000000000 	 33.218008080338 
2.000000000000 	 38.000000000000 	 32.011830299716 
2.000000000000 	 39.000000000000 	 30.198838011364 

3.000000000000 	 1.000000000000 	 15.985444999518 
3.000000000000 	 2.000000000000 	 20.581799824229 
3.000000000000 	 3.000000000000 	 23.950730782726 
3.000000000000 	 4.000000000000 	 26.412969047646 
3.000000000000 	 5.000000000000 	 28.240007577156 
3.000000000000 	 6.000000000000 	 29.624557306183 
3.000000000000 	 7.000000000000 	 30.696347768583 
3.000000000000 	 8.000000000000 	 31.542040225676 
3.000000000000 	 9.000000000000 	 32.220190736395 
3.000000000000 	 10.000000000000 	 32.771128855391 
3.000000000000 	 11.000000000000 	 33.223229121940 
3.000000000000 	 12.000000000000 	 33.596873567381 
3.000000000000 	 13.000000000000 	 33.906981084800 
3.000000000000 	 14.000000000000 	 34.164648975697 
3.000000000000 	 15.000000000000 	 34.378238209926 
3.000000000000 	 16.000000000000 	 34.554103890800 
3.000000000000 	 17.000000000000 	 34.697094630897 
3.000000000000 	 18.000000000000 	 34.810897875119 
3.000000000000 	 19.000000000000 	 34.898279830480 
3.000000000000 	 20.000000000000 	 34.961251054131 
3.000000000000 	 21.000000000000 	 35.001177520550 
3.000000000000 	 22.000000000000 	 35.018849539779 
3.000000000000 	 23.000000000000 	 35.014515649226 
3.000000000000 	 24.000000000000 	 34.987884529214 
3.000000000000 	 25.000000000000 	 34.938094355757 
3.000000000000 	 26.000000000000 	 34.863645152789 
3.000000000000 	 27.000000000000 	 34.762284916040 
3.000000000000 	 28.000000000000 	 34.630833562365 
3.000000000000 	 29.000000000000 	 34.464918576438 
3.000000000000 	 30.000000000000 	 34.258580050324 
3.000000000000 	 31.000000000000 	 34.003676384524 
3.000000000000 	 32.000000000000 	 33.688978200293 
3.000000000000 	 33.000000000000 	 33.298766179728 
3.000000000000 	 34.000000000000 	 32.810635532877 
3.000000000000 	 35.000000000000 	 32.192054748973 
3.000000000000 	 36.000000000000 	 31.395105973155 
3.000000000000 	 37.000000000000 	 30.349142753369 
3.000000000000 	 38.000000000000 	 28.953301536751 
3.000000000000 	 39.000000000000 	 27.079249743856 

4.000000000000 	 1.000000000000 	 13.126288139068 
4.000000000000 	 2.000000000000 	 17.237915685872 
4.000000000000 	 3.000000000000 	 20.521137210498 
4.000000000000 	 4.000000000000 	 23.097501770820 
4.000000000000 	 5.000000000000 	 25.116736342147 
4.000000000000 	 6.000000000000 	 26.710580352942 
4.000000000000 	 7.000000000000 	 27.981991563791 
4.000000000000 	 8.000000000000 	 29.007679564293 
4.000000000000 	 9.000000000000 	 29.843868951851 
4.000000000000 	 10.000000000000 	 30.531730606558 
4.000000000000 	 11.000000000000 	 31.101612734576 
4.000000000000 	 12.000000000000 	 31.576109613984 
4.000000000000 	 13.000000000000 	 31.972225527137 
4.000000000000 	 14.000000000000 	 32.302887779231 
4.000000000000 	 15.000000000000 	 32.578005697729 
4.000000000000 	 16.000000000000 	 32.805215740271 
4.000000000000 	 17.000000000000 	 32.990408939950 
4.000000000000 	 18.000000000000 	 33.138105823525 
4.000000000000 	 19.000000000000 	 33.251722652166 
4.000000000000 	 20.000000000000 	 33.333758383551 
4.000000000000 	 21.000000000000 	 33.385921857484 
4.000000000000 	 22.000000000000 	 33.409211752948 
4.000000000000 	 23.000000000000 	 33.403956735334 
4.000000000000 	 24.000000000000 	 33.369819112432 
4.000000000000 	 25.000000000000 	 33.305761633140 
4.000000000000 	 26.000000000000 	 33.209973250920 
4.000000000000 	 27.000000000000 	 33.079745165885 
4.000000000000 	 28.000000000000 	 32.911282564748 
4.000000000000 	 29.000000000000 	 32.699429291903 
4.000000000000 	 30.000000000000 	 32.437271030907 
4.000000000000 	 31.000000000000 	 32.115566120987 
4.000000000000 	 32.000000000000 	 31.721931114701 
4.000000000000 	 33.000000000000 	 31.239682984125 
4.000000000000 	 34.000000000000 	 30.646224769651 
4.000000000000 	 35.000000000000 	 29.910901512778 
4.000000000000 	 36.000000000000 	 28.992476169766 
4.000000000000 	 37.000000000000 	 27.837093408089 
4.000000000000 	 38.000000000000 	 26.379428609386 
4.000000000000 	 39.000000000000 	 24.553288111736 

5.000000000000 	 1.000000000000 	 11.080176157449 
5.000000000000 	 2.000000000000 	 14.725610358785 
5.000000000000 	 3.000000000000 	 17.802418826080 
5.000000000000 	 4.000000000000 	 20.344011716096 
5.000000000000 	 5.000000000000 	 22.424512121494 
5.000000000000 	 6.000000000000 	 24.125478816563 
5.000000000000 	 7.000000000000 	 25.520561133372 
5.000000000000 	 8.000000000000 	 26.670750777187 
5.000000000000 	 9.000000000000 	 27.624506712971 
5.000000000000 	 10.000000000000 	 28.419607356847 
5.000000000000 	 11.000000000000 	 29.085303251092 
5.000000000000 	 12.000000000000 	 29.644234574365 
5.000000000000 	 13.000000000000 	 30.113975745879 
5.000000000000 	 14.000000000000 	 30.508223028887 
5.000000000000 	 15.000000000000 	 30.837687148484 
5.000000000000 	 16.000000000000 	 31.110756818763 
5.000000000000 	 17.000000000000 	 31.333989126244 
5.000000000000 	 18.000000000000 	 31.512470196757 
5.000000000000 	 19.000000000000 	 31.650078350389 
5.000000000000 	 20.000000000000 	 31.749672936592 
5.000000000000 	 21.000000000000 	 31.813225090437 
5.000000000000 	 22.000000000000 	 31.841901309024 
5.000000000000 	 23.000000000000 	 31.836106533967 
5.000000000000 	 24.000000000000 	 31.795489911592 
5.000000000000 	 25.000000000000 	 31.718913212536 
5.000000000000 	 26.000000000000 	 31.604378688909 
5.000000000000 	 27.000000000000 	 31.448909611147 
5.000000000000 	 28.000000000000 	 31.248372560573 
5.000000000000 	 29.000000000000 	 30.997225540393 
5.000000000000 	 30.000000000000 	 30.688170168796 
5.000000000000 	 31.000000000000 	 30.311680498760 
5.000000000000 	 32.000000000000 	 29.855378307278 
5.000000000000 	 33.000000000000 	 29.303232866825 
5.000000000000 	 34.000000000000 	 28.634600927418 
5.000000000000 	 35.000000000000 	 27.823230126783 
5.000000000000 	 36.000000000000 	 26.836602531409 
5.000000000000 	 37.000000000000 	 25.636507151051 
5.000000000000 	 38.000000000000 	 24.182560407359 
5.000000000000 	 39.000000000000 	 22.441148216541 

6.000000000000 	 1.000000000000 	 9.546560970045 
6.000000000000 	 2.000000000000 	 12.785858325122 
6.000000000000 	 3.000000000000 	 15.623890131930 
6.000000000000 	 4.000000000000 	 18.057614480502 
6.000000000000 	 5.000000000000 	 20.118823670762 
6.000000000000 	 6.000000000000 	 21.854236900350 
6.000000000000 	 7.000000000000 	 23.312939347692 
6.000000000000 	 8.000000000000 	 24.540076191708 
6.000000000000 	 9.000000000000 	 25.574484988493 
6.000000000000 	 10.000000000000 	 26.448395615925 
6.000000000000 	 11.000000000000 	 27.188040242313 
6.000000000000 	 12.000000000000 	 27.814557354719 
6.000000000000 	 13.000000000000 	 28.344901140467 
6.000000000000 	 14.000000000000 	 28.792641670094 
6.000000000000 	 15.000000000000 	 29.168625246496 
6.000000000000 	 16.000000000000 	 29.481500411080 
6.000000000000 	 17.000000000000 	 29.738127843355 
6.000000000000 	 18.000000000000 	 29.943894575765 
6.000000000000 	 19.000000000000 	 30.102950873291 
6.000000000000 	 20.000000000000 	 30.218384701964 
6.000000000000 	 21.000000000000 	 30.292345156876 
6.000000000000 	 22.000000000000 	 30.326122971145 
6.000000000000 	 23.000000000000 	 30.320193360078 
6.000000000000 	 24.000000000000 	 30.274223901042 
6.000000000000 	 25.000000000000 	 30.187047792066 
6.000000000000 	 26.000000000000 	 30.056600556081 
6.000000000000 	 27.000000000000 	 29.879815991309 
6.000000000000 	 28.000000000000 	 29.652474947847 
6.000000000000 	 29.000000000000 	 29.368998608448 
6.000000000000 	 30.000000000000 	 29.022177141641 
6.000000000000 	 31.000000000000 	 28.602826674648 
6.000000000000 	 32.000000000000 	 28.099376293418 
6.000000000000 	 33.000000000000 	 27.497409642693 
6.000000000000 	 34.000000000000 	 26.779236015092 
6.000000000000 	 35.000000000000 	 25.923664526817 
6.000000000000 	 36.000000000000 	 24.906326434160 
6.000000000000 	 37.000000000000 	 23.701137375705 
6.000000000000 	 38.000000000000 	 22.283715636738 
6.000000000000 	 39.000000000000 	 20.637411914944 

7.000000000000 	 1.000000000000 	 8.357005904053 
7.000000000000 	 2.000000000000 	 11.252028962811 
7.000000000000 	 3.000000000000 	 13.855566975247 
7.000000000000 	 4.000000000000 	 16.150847329724 
7.000000000000 	 5.000000000000 	 18.147233907707 
7.000000000000 	 6.000000000000 	 19.869162449153 
7.000000000000 	 7.000000000000 	 21.347455323200 
7.000000000000 	 8.000000000000 	 22.613774352600 
7.000000000000 	 9.000000000000 	 23.697631489098 
7.000000000000 	 10.000000000000 	 24.625094072954 
7.000000000000 	 11.000000000000 	 25.418468075961 
7.000000000000 	 12.000000000000 	 26.096477369011 
7.000000000000 	 13.000000000000 	 26.674652445679 
7.000000000000 	 14.000000000000 	 27.165773831152 
7.000000000000 	 15.000000000000 	 27.580294681430 
7.000000000000 	 16.000000000000 	 27.926711039928 
7.000000000000 	 17.000000000000 	 28.211870837598 
7.000000000000 	 18.000000000000 	 28.441223310774 
7.000000000000 	 19.000000000000 	 28.619014684363 
7.000000000000 	 20.000000000000 	 28.748436904722 
7.000000000000 	 21.000000000000 	 28.831735618221 
7.000000000000 	 22.000000000000 	 28.870282357407 
7.000000000000 	 23.000000000000 	 28.864614444072 
7.000000000000 	 24.000000000000 	 28.814444642364 
7.000000000000 	 25.000000000000 	 28.718641185105 
7.000000000000 	 26.000000000000 	 28.575177519235 
7.000000000000 	 27.000000000000 	 28.381050083528 
7.000000000000 	 28.000000000000 	 28.132161884225 
7.000000000000 	 29.000000000000 	 27.823170069820 
7.000000000000 	 30.000000000000 	 27.447298088433 
7.000000000000 	 31.000000000000 	 26.996119097657 
7.000000000000 	 32.000000000000 	 26.459330093085 
7.000000000000 	 33.000000000000 	 25.824560438087 
7.000000000000 	 34.000000000000 	 25.077300452002 
7.000000000000 	 35.000000000000 	 24.201101286446 
7.000000000000 	 36.000000000000 	 23.178284221255 
7.000000000000 	 37.000000000000 	 21.991476526385 
7.000000000000 	 38.000000000000 	 20.626272031218 
7.000000000000 	 39.000000000000 	 19.075015589517 

8.000000000000 	 1.000000000000 	 7.410212513993 
8.000000000000 	 2.000000000000 	 10.015041491359 
8.000000000000 	 3.000000000000 	 12.402285727858 
8.000000000000 	 4.000000000000 	 14.551157882399 
8.000000000000 	 5.000000000000 	 16.459652372788 
8.000000000000 	 6.000000000000 	 18.138601191778 
8.000000000000 	 7.000000000000 	 19.606105742286 
8.000000000000 	 8.000000000000 	 20.883328693332 
8.000000000000 	 9.000000000000 	 21.991746243205 
8.000000000000 	 10.000000000000 	 22.951575315214 
8.000000000000 	 11.000000000000 	 23.781012052756 
8.000000000000 	 12.000000000000 	 24.495972911585 
8.000000000000 	 13.000000000000 	 25.110117511037 
8.000000000000 	 14.000000000000 	 25.635010776981 
8.000000000000 	 15.000000000000 	 26.080339334933 
8.000000000000 	 16.000000000000 	 26.454134940015 
8.000000000000 	 17.000000000000 	 26.762980910531 
8.000000000000 	 18.000000000000 	 27.012190906477 
8.000000000000 	 19.000000000000 	 27.205956635500 
8.000000000000 	 20.000000000000 	 27.347464655956 
8.000000000000 	 21.000000000000 	 27.438983944354 
8.000000000000 	 22.000000000000 	 27.481926248169 
8.000000000000 	 23.000000000000 	 27.476881012057 
8.000000000000 	 24.000000000000 	 27.423626177126 
8.000000000000 	 25.000000000000 	 27.321115624004 
8.000000000000 	 26.000000000000 	 27.167443640203 
8.000000000000 	 27.000000000000 	 26.959786752371 
8.000000000000 	 28.000000000000 	 26.694323891789 
8.000000000000 	 29.000000000000 	 26.366137670869 
8.000000000000 	 30.000000000000 	 25.969103365402 
8.000000000000 	 31.000000000000 	 25.495779284888 
8.000000000000 	 32.000000000000 	 24.937324336199 
8.000000000000 	 33.000000000000 	 24.283487814507 
8.000000000000 	 34.000000000000 	 23.522744249024 
8.000000000000 	 35.000000000000 	 22.642680836004 
8.000000000000 	 36.000000000000 	 21.630776555022 
8.000000000000 	 37.000000000000 	 20.475713495910 
8.000000000000 	 38.000000000000 	 19.169280531119 
8.000000000000 	 39.000000000000 	 17.708700642837 

9.000000000000 	 1.000000000000 	 6.641812774400 
9.000000000000 	 2.000000000000 	 9.001661062968 
9.000000000000 	 3.000000000000 	 11.195003591998 
9.000000000000 	 4.000000000000 	 13.201046680075 
9.000000000000 	 5.000000000000 	 15.012353079911 
9.000000000000 	 6.000000000000 	 16.631712997417 
9.000000000000 	 7.000000000000 	 18.068709018427 
9.000000000000 	 8.000000000000 	 19.336746636555 
9.000000000000 	 9.000000000000 	 20.450833603907 
9.000000000000 	 10.000000000000 	 21.426092719494 
9.000000000000 	 11.000000000000 	 22.276864299586 
9.000000000000 	 12.000000000000 	 23.016229951913 
9.000000000000 	 13.000000000000 	 23.655812038534 
9.000000000000 	 14.000000000000 	 24.205739608954 
9.000000000000 	 15.000000000000 	 24.674705812813 
9.000000000000 	 16.000000000000 	 25.070068546564 
9.000000000000 	 17.000000000000 	 25.397964987220 
9.000000000000 	 18.000000000000 	 25.663423154945 
9.000000000000 	 19.000000000000 	 25.870461476070 
9.000000000000 	 20.000000000000 	 26.022171991091 
9.000000000000 	 21.000000000000 	 26.120785490308 
9.000000000000 	 22.000000000000 	 26.167718243816 
9.000000000000 	 23.000000000000 	 26.163600648290 
9.000000000000 	 24.000000000000 	 26.108288397295 
9.000000000000 	 25.000000000000 	 26.000856954885 
9.000000000000 	 26.000000000000 	 25.839580397400 
9.000000000000 	 27.000000000000 	 25.621896323918 
9.000000000000 	 28.000000000000 	 25.344359824851 
9.000000000000 	 29.000000000000 	 25.002591855500 
9.000000000000 	 30.000000000000 	 24.591231350143 
9.000000000000 	 31.000000000000 	 24.103906736110 
9.000000000000 	 32.000000000000 	 23.533251886493 
9.000000000000 	 33.000000000000 	 22.871004331907 
9.000000000000 	 34.000000000000 	 22.108238817945 
9.000000000000 	 35.000000000000 	 21.235803184981 
9.000000000000 	 36.000000000000 	 20.245026763013 
9.000000000000 	 37.000000000000 	 19.128747014005 
9.000000000000 	 38.000000000000 	 17.882624982717 
9.000000000000 	 39.000000000000 	 16.506578608944 

10.000000000000 	 1.000000000000 	 6.009094845346 
10.000000000000 	 2.000000000000 	 8.161435712665 
10.000000000000 	 3.000000000000 	 10.183442020374 
10.000000000000 	 4.000000000000 	 12.055830671981 
10.000000000000 	 5.000000000000 	 13.768854685831 
10.000000000000 	 6.000000000000 	 15.320690703876 
10.000000000000 	 7.000000000000 	 16.715365347911 
10.000000000000 	 8.000000000000 	 17.960741227385 
10.000000000000 	 9.000000000000 	 19.066838790505 
10.000000000000 	 10.000000000000 	 20.044578486663 
10.000000000000 	 11.000000000000 	 20.904915613510 
10.000000000000 	 12.000000000000 	 21.658292409188 
10.000000000000 	 13.000000000000 	 22.314323363830 
10.000000000000 	 14.000000000000 	 22.881639949573 
10.000000000000 	 15.000000000000 	 23.367837312048 
10.000000000000 	 16.000000000000 	 23.779481491911 
10.000000000000 	 17.000000000000 	 24.122148925831 
10.000000000000 	 18.000000000000 	 24.400479828125 
10.000000000000 	 19.000000000000 	 24.618233970644 
10.000000000000 	 20.000000000000 	 24.778342015304 
10.000000000000 	 21.000000000000 	 24.882948551515 
10.000000000000 	 22.000000000000 	 24.933444879364 
10.000000000000 	 23.000000000000 	 24.930490766982 
10.000000000000 	 24.000000000000 	 24.874025207268 
10.000000000000 	 25.000000000000 	 24.763266850856 
10.000000000000 	 26.000000000000 	 24.596705514238 
10.000000000000 	 27.000000000000 	 24.372087170119 
10.000000000000 	 28.000000000000 	 24.086396362337 
10.000000000000 	 29.000000000000 	 23.735842330013 
10.000000000000 	 30.000000000000 	 23.315858582153 
10.000000000000 	 31.000000000000 	 22.821130504154 
10.000000000000 	 32.000000000000 	 22.245671865746 
10.000000000000 	 33.000000000000 	 21.582978352804 
10.000000000000 	 34.000000000000 	 20.826292845122 
10.000000000000 	 35.000000000000 	 19.969019534981 
10.000000000000 	 36.000000000000 	 19.005315852209 
10.000000000000 	 37.000000000000 	 17.930863844544 
10.000000000000 	 38.000000000000 	 16.743768337146 
10.000000000000 	 39.000000000000 	 15.445449560233 

11.000000000000 	 1.000000000000 	 5.482723408320 
11.000000000000 	 2.000000000000 	 7.458778909604 
11.000000000000 	 3.000000000000 	 9.330659690539 
11.000000000000 	 4.000000000000 	 11.081031036660 
11.000000000000 	 5.000000000000 	 12.699441053053 
11.000000000000 	 6.000000000000 	 14.181519008728 
11.000000000000 	 7.000000000000 	 15.527742352533 
11.000000000000 	 8.000000000000 	 16.742102041524 
11.000000000000 	 9.000000000000 	 17.830882454616 
11.000000000000 	 10.000000000000 	 18.801660583522 
11.000000000000 	 11.000000000000 	 19.662548721406 
11.000000000000 	 12.000000000000 	 20.421658921821 
11.000000000000 	 13.000000000000 	 21.086747979784 
11.000000000000 	 14.000000000000 	 21.664998433188 
11.000000000000 	 15.000000000000 	 22.162895979382 
11.000000000000 	 16.000000000000 	 22.586171534326 
11.000000000000 	 17.000000000000 	 22.939784109250 
11.000000000000 	 18.000000000000 	 23.227927500865 
11.000000000000 	 19.000000000000 	 23.454049138455 
11.000000000000 	 20.000000000000 	 23.620873391166 
11.000000000000 	 21.000000000000 	 23.730424466690 
11.000000000000 	 22.000000000000 	 23.784046017517 
11.000000000000 	 23.000000000000 	 23.782415980171 
11.000000000000 	 24.000000000000 	 23.725556236219 
11.000000000000 	 25.000000000000 	 23.612837598814 
11.000000000000 	 26.000000000000 	 23.442981571798 
11.000000000000 	 27.000000000000 	 23.214061468021 
11.000000000000 	 28.000000000000 	 22.923506975118 
11.000000000000 	 29.000000000000 	 22.568118277129 
11.000000000000 	 30.000000000000 	 22.144098495289 
11.000000000000 	 31.000000000000 	 21.647116503665 
11.000000000000 	 32.000000000000 	 21.072415855269 
11.000000000000 	 33.000000000000 	 20.414988896497 
11.000000000000 	 34.000000000000 	 19.669836654311 
11.000000000000 	 35.000000000000 	 18.832332211215 
11.000000000000 	 36.000000000000 	 17.898694494414 
11.000000000000 	 37.000000000000 	 16.866557052523 
11.000000000000 	 38.000000000000 	 15.735581216440 
11.000000000000 	 39.000000000000 	 14.508020486353 

12.000000000000 	 1.000000000000 	 5.041987501116 
12.000000000000 	 2.000000000000 	 6.868069526728 
12.000000000000 	 3.000000000000 	 8.609230640878 
12.000000000000 	 4.000000000000 	 10.250067484423 
12.000000000000 	 5.000000000000 	 11.780216663522 
12.000000000000 	 6.000000000000 	 13.193985050561 
12.000000000000 	 7.000000000000 	 14.489627855716 
12.000000000000 	 8.000000000000 	 15.668477037774 
12.000000000000 	 9.000000000000 	 16.734074620717 
12.000000000000 	 10.000000000000 	 17.691404722691 
12.000000000000 	 11.000000000000 	 18.546265840898 
12.000000000000 	 12.000000000000 	 19.304788949888 
12.000000000000 	 13.000000000000 	 19.973086675686 
12.000000000000 	 14.000000000000 	 20.557010192552 
12.000000000000 	 15.000000000000 	 21.061989153177 
12.000000000000 	 16.000000000000 	 21.492932423668 
12.000000000000 	 17.000000000000 	 21.854171350136 
12.000000000000 	 18.000000000000 	 22.149431421833 
12.000000000000 	 19.000000000000 	 22.381821887216 
12.000000000000 	 20.000000000000 	 22.553835907458 
12.000000000000 	 21.000000000000 	 22.667356200544 
12.000000000000 	 22.000000000000 	 22.723662943387 
12.000000000000 	 23.000000000000 	 22.723442100325 
12.000000000000 	 24.000000000000 	 22.666793478997 
12.000000000000 	 25.000000000000 	 22.553238816087 
12.000000000000 	 26.000000000000 	 22.381731191849 
12.000000000000 	 27.000000000000 	 22.150668177812 
12.000000000000 	 28.000000000000 	 21.857912433427 
12.000000000000 	 29.000000000000 	 21.500825049058 
12.000000000000 	 30.000000000000 	 21.076318783450 
12.000000000000 	 31.000000000000 	 20.580940338036 
12.000000000000 	 32.000000000000 	 20.010992607706 
12.000000000000 	 33.000000000000 	 19.362708776943 
12.000000000000 	 34.000000000000 	 18.632489084123 
12.000000000000 	 35.000000000000 	 17.817206508569 
12.000000000000 	 36.000000000000 	 16.914577831868 
12.000000000000 	 37.000000000000 	 15.923580395170 
12.000000000000 	 38.000000000000 	 14.844873399700 
12.000000000000 	 39.000000000000 	 13.681160644771 

13.000000000000 	 1.000000000000 	 4.671941671115 
13.000000000000 	 2.000000000000 	 6.370543219285 
13.000000000000 	 3.000000000000 	 7.998589595933 
13.000000000000 	 4.000000000000 	 9.542414129515 
13.000000000000 	 5.000000000000 	 10.992102866052 
13.000000000000 	 6.000000000000 	 12.341353697729 
13.000000000000 	 7.000000000000 	 13.587062960624 
13.000000000000 	 8.000000000000 	 14.728762398413 
13.000000000000 	 9.000000000000 	 15.768012109720 
13.000000000000 	 10.000000000000 	 16.707823903366 
13.000000000000 	 11.000000000000 	 17.552157650980 
13.000000000000 	 12.000000000000 	 18.305507788279 
13.000000000000 	 13.000000000000 	 18.972580058445 
13.000000000000 	 14.000000000000 	 19.558049013434 
13.000000000000 	 15.000000000000 	 20.066382703372 
13.000000000000 	 16.000000000000 	 20.501720374467 
13.000000000000 	 17.000000000000 	 20.867790271595 
13.000000000000 	 18.000000000000 	 21.167856726113 
13.000000000000 	 19.000000000000 	 21.404687961788 
13.000000000000 	 20.000000000000 	 21.580538144218 
13.000000000000 	 21.000000000000 	 21.697139003269 
13.000000000000 	 22.000000000000 	 21.755697860766 
13.000000000000 	 23.000000000000 	 21.756900143214 
13.000000000000 	 24.000000000000 	 21.700915524044 
13.000000000000 	 25.000000000000 	 21.587407801814 
13.000000000000 	 26.000000000000 	 21.415549556294 
13.000000000000 	 27.000000000000 	 21.184043598827 
13.000000000000 	 28.000000000000 	 20.891154290109 
13.000000000000 	 29.000000000000 	 20.534752942826 
13.000000000000 	 30.000000000000 	 20.112382698737 
13.000000000000 	 31.000000000000 	 19.621349306278 
13.000000000000 	 32.000000000000 	 19.058844810416 
13.000000000000 	 33.000000000000 	 18.422110790134 
13.000000000000 	 34.000000000000 	 17.708645726934 
13.000000000000 	 35.000000000000 	 16.916456533395 
13.000000000000 	 36.000000000000 	 16.044346545192 
13.000000000000 	 37.000000000000 	 15.092221391378 
13.000000000000 	 38.000000000000 	 14.061381519276 
13.000000000000 	 39.000000000000 	 12.954759197358 

14.000000000000 	 1.000000000000 	 4.361618168139 
14.000000000000 	 2.000000000000 	 5.952271509718 
14.000000000000 	 3.000000000000 	 7.483187905274 
14.000000000000 	 4.000000000000 	 8.942187132764 
14.000000000000 	 5.000000000000 	 10.319936325558 
14.000000000000 	 6.000000000000 	 11.609928835399 
14.000000000000 	 7.000000000000 	 12.808256500699 
14.000000000000 	 8.000000000000 	 13.913249584300 
14.000000000000 	 9.000000000000 	 14.925054963640 
14.000000000000 	 10.000000000000 	 15.845208256288 
14.000000000000 	 11.000000000000 	 16.676237119464 
14.000000000000 	 12.000000000000 	 17.421316088306 
14.000000000000 	 13.000000000000 	 18.083980396897 
14.000000000000 	 14.000000000000 	 18.667897675015 
14.000000000000 	 15.000000000000 	 19.176691594135 
14.000000000000 	 16.000000000000 	 19.613809446773 
14.000000000000 	 17.000000000000 	 19.982425316102 
14.000000000000 	 18.000000000000 	 20.285371164103 
14.000000000000 	 19.000000000000 	 20.525089307707 
14.000000000000 	 20.000000000000 	 20.703601037550 
14.000000000000 	 21.000000000000 	 20.822487386900 
14.000000000000 	 22.000000000000 	 20.882879203153 
14.000000000000 	 23.000000000000 	 20.885454695974 
14.000000000000 	 24.000000000000 	 20.830443553201 
14.000000000000 	 25.000000000000 	 20.717637561307 
14.000000000000 	 26.000000000000 	 20.546408476696 
14.000000000000 	 27.000000000000 	 20.315734694036 
14.000000000000 	 28.000000000000 	 20.024239054725 
14.000000000000 	 29.000000000000 	 19.670240905299 
14.000000000000 	 30.000000000000 	 19.251826172544 
14.000000000000 	 31.000000000000 	 18.766939616131 
14.000000000000 	 32.000000000000 	 18.213503304573 
14.000000000000 	 33.000000000000 	 17.589564392241 
14.000000000000 	 34.000000000000 	 16.893473043696 
14.000000000000 	 35.000000000000 	 16.124087480311 
14.000000000000 	 36.000000000000 	 15.280997467356 
14.000000000000 	 37.000000000000 	 14.364750499526 
14.000000000000 	 38.000000000000 	 13.377057704716 
14.000000000000 	 39.000000000000 	 12.320951269477 

15.000000000000 	 1.000000000000 	 4.102872868955 
15.000000000000 	 2.000000000000 	 5.602818633150 
15.000000000000 	 3.000000000000 	 7.051205266551 
15.000000000000 	 4.000000000000 	 8.437085036576 
15.000000000000 	 5.000000000000 	 9.751717671565 
15.000000000000 	 6.000000000000 	 10.988610357978 
15.000000000000 	 7.000000000000 	 12.143401458211 
15.000000000000 	 8.000000000000 	 13.213632880032 
15.000000000000 	 9.000000000000 	 14.198457864482 
15.000000000000 	 10.000000000000 	 15.098324678013 
15.000000000000 	 11.000000000000 	 15.914666526029 
15.000000000000 	 12.000000000000 	 16.649617312710 
15.000000000000 	 13.000000000000 	 17.305763672079 
15.000000000000 	 14.000000000000 	 17.885936808592 
15.000000000000 	 15.000000000000 	 18.393043134302 
15.000000000000 	 16.000000000000 	 18.829930087999 
15.000000000000 	 17.000000000000 	 19.199282355696 
15.000000000000 	 18.000000000000 	 19.503543498582 
15.000000000000 	 19.000000000000 	 19.744858350733 
15.000000000000 	 20.000000000000 	 19.925032202720 
15.000000000000 	 21.000000000000 	 20.045503565049 
15.000000000000 	 22.000000000000 	 20.107328107258 
15.000000000000 	 23.000000000000 	 20.111172145921 
15.000000000000 	 24.000000000000 	 20.057314790812 
15.000000000000 	 25.000000000000 	 19.945658552736 
15.000000000000 	 26.000000000000 	 19.775748873460 
15.000000000000 	 27.000000000000 	 19.546803656833 
15.000000000000 	 28.000000000000 	 19.257754444570 
15.000000000000 	 29.000000000000 	 18.907301348752 
15.000000000000 	 30.000000000000 	 18.493984147985 
15.000000000000 	 31.000000000000 	 18.016271951928 
15.000000000000 	 32.000000000000 	 17.472673367333 
15.000000000000 	 33.000000000000 	 16.861867949003 
15.000000000000 	 34.000000000000 	 16.182857684886 
15.000000000000 	 35.000000000000 	 15.435134221574 
15.000000000000 	 36.000000000000 	 14.618853566829 
15.000000000000 	 37.000000000000 	 13.735005548111 
15.000000000000 	 38.000000000000 	 12.785561268812 
15.000000000000 	 39.000000000000 	 11.773579528332 

16.000000000000 	 1.000000000000 	 3.889621243682 
16.000000000000 	 2.000000000000 	 5.314332199982 
16.000000000000 	 3.000000000000 	 6.693643514949 
16.000000000000 	 4.000000000000 	 8.017602110761 
16.000000000000 	 5.000000000000 	 9.278010339046 
16.000000000000 	 6.000000000000 	 10.468495811372 
16.000000000000 	 7.000000000000 	 11.584461680141 
16.000000000000 	 8.000000000000 	 12.622944714897 
16.000000000000 	 9.000000000000 	 13.582412241433 
16.000000000000 	 10.000000000000 	 14.462527119545 
16.000000000000 	 11.000000000000 	 15.263904678727 
16.000000000000 	 12.000000000000 	 15.987879004211 
16.000000000000 	 13.000000000000 	 16.636289666024 
16.000000000000 	 14.000000000000 	 17.211294739132 
16.000000000000 	 15.000000000000 	 17.715212065628 
16.000000000000 	 16.000000000000 	 18.150388110186 
16.000000000000 	 17.000000000000 	 18.519092237768 
16.000000000000 	 18.000000000000 	 18.823433528415 
16.000000000000 	 19.000000000000 	 19.065297086501 
16.000000000000 	 20.000000000000 	 19.246296998490 
16.000000000000 	 21.000000000000 	 19.367743495483 
16.000000000000 	 22.000000000000 	 19.430622384477 
16.000000000000 	 23.000000000000 	 19.435585362370 
16.000000000000 	 24.000000000000 	 19.382950382025 
16.000000000000 	 25.000000000000 	 19.272711778151 
16.000000000000 	 26.000000000000 	 19.104560365986 
16.000000000000 	 27.000000000000 	 18.877914179239 
16.000000000000 	 28.000000000000 	 18.591960887106 
16.000000000000 	 29.000000000000 	 18.245713178435 
16.000000000000 	 30.000000000000 	 17.838078457479 
16.000000000000 	 31.000000000000 	 17.367943969265 
16.000000000000 	 32.000000000000 	 16.834277853302 
16.000000000000 	 33.000000000000 	 16.236245499300 
16.000000000000 	 34.000000000000 	 15.573338865893 
16.000000000000 	 35.000000000000 	 14.845514126678 
16.000000000000 	 36.000000000000 	 14.053330286731 
16.000000000000 	 37.000000000000 	 13.198078649235 
16.000000000000 	 38.000000000000 	 12.281890834182 
16.000000000000 	 39.000000000000 	 11.307812257906 

17.000000000000 	 1.000000000000 	 3.717323162747 
17.000000000000 	 2.000000000000 	 5.080919255096 
17.000000000000 	 3.000000000000 	 6.403686062427 
17.000000000000 	 4.000000000000 	 7.676448786025 
17.000000000000 	 5.000000000000 	 8.891472313253 
17.000000000000 	 6.000000000000 	 10.042544433483 
17.000000000000 	 7.000000000000 	 11.124965382959 
17.000000000000 	 8.000000000000 	 12.135460603788 
17.000000000000 	 9.000000000000 	 13.072037698752 
17.000000000000 	 10.000000000000 	 13.933808812637 
17.000000000000 	 11.000000000000 	 14.720797231539 
17.000000000000 	 12.000000000000 	 15.433743133004 
17.000000000000 	 13.000000000000 	 16.073919191921 
17.000000000000 	 14.000000000000 	 16.642962852662 
17.000000000000 	 15.000000000000 	 17.142728884945 
17.000000000000 	 16.000000000000 	 17.575163462863 
17.000000000000 	 17.000000000000 	 17.942199397908 
17.000000000000 	 18.000000000000 	 18.245671192719 
17.000000000000 	 19.000000000000 	 18.487248114190 
17.000000000000 	 20.000000000000 	 18.668383372384 
17.000000000000 	 21.000000000000 	 18.790277618688 
17.000000000000 	 22.000000000000 	 18.853855252977 
17.000000000000 	 23.000000000000 	 18.859752389538 
17.000000000000 	 24.000000000000 	 18.808315728251 
17.000000000000 	 25.000000000000 	 18.699611976384 
17.000000000000 	 26.000000000000 	 18.533447838475 
17.000000000000 	 27.000000000000 	 18.309400908445 
17.000000000000 	 28.000000000000 	 18.026862025317 
17.000000000000 	 29.000000000000 	 17.685089748710 
17.000000000000 	 30.000000000000 	 17.283277518938 
17.000000000000 	 31.000000000000 	 16.820633726049 
17.000000000000 	 32.000000000000 	 16.296474258021 
17.000000000000 	 33.000000000000 	 15.710326079713 
17.000000000000 	 34.000000000000 	 15.062038999418 
17.000000000000 	 35.000000000000 	 14.351901069987 
17.000000000000 	 36.000000000000 	 13.580751216573 
17.000000000000 	 37.000000000000 	 12.750080985551 
17.000000000000 	 38.000000000000 	 11.862116192382 
17.000000000000 	 39.000000000000 	 10.919869183511 

18.000000000000 	 1.000000000000 	 3.582632099986 
18.000000000000 	 2.000000000000 	 4.898215613099 
18.000000000000 	 3.000000000000 	 6.176245381626 
18.000000000000 	 4.000000000000 	 7.408128869124 
18.000000000000 	 5.000000000000 	 8.586499807070 
18.000000000000 	 6.000000000000 	 9.705306438987 
18.000000000000 	 7.000000000000 	 10.759823490860 
18.000000000000 	 8.000000000000 	 11.746598675310 
18.000000000000 	 9.000000000000 	 12.663348472592 
18.000000000000 	 10.000000000000 	 13.508819162053 
18.000000000000 	 11.000000000000 	 14.282628186855 
18.000000000000 	 12.000000000000 	 14.985098694422 
18.000000000000 	 13.000000000000 	 15.617097236207 
18.000000000000 	 14.000000000000 	 16.179881698259 
18.000000000000 	 15.000000000000 	 16.674963931562 
18.000000000000 	 16.000000000000 	 17.103989440482 
18.000000000000 	 17.000000000000 	 17.468634917503 
18.000000000000 	 18.000000000000 	 17.770523347044 
18.000000000000 	 19.000000000000 	 18.011155762454 
18.000000000000 	 20.000000000000 	 18.191858436002 
18.000000000000 	 21.000000000000 	 18.313744223325 
18.000000000000 	 22.000000000000 	 18.377686894440 
18.000000000000 	 23.000000000000 	 18.384307500248 
18.000000000000 	 24.000000000000 	 18.333972096307 
18.000000000000 	 25.000000000000 	 18.226800433690 
18.000000000000 	 26.000000000000 	 18.062685494611 
18.000000000000 	 27.000000000000 	 17.841323964230 
18.000000000000 	 28.000000000000 	 17.562257854128 
18.000000000000 	 29.000000000000 	 17.224927488073 
18.000000000000 	 30.000000000000 	 16.828735884526 
18.000000000000 	 31.000000000000 	 16.373124180340 
18.000000000000 	 32.000000000000 	 15.857657101859 
18.000000000000 	 33.000000000000 	 15.282116589314 
18.000000000000 	 34.000000000000 	 14.646600542308 
18.000000000000 	 35.000000000000 	 13.951622361171 
18.000000000000 	 36.000000000000 	 13.198205667772 
18.000000000000 	 37.000000000000 	 12.387967534612 
18.000000000000 	 38.000000000000 	 11.523183021686 
18.000000000000 	 39.000000000000 	 10.606824104156 

19.000000000000 	 1.000000000000 	 3.483157054148 
19.000000000000 	 2.000000000000 	 4.763090457449 
19.000000000000 	 3.000000000000 	 6.007646957451 
19.000000000000 	 4.000000000000 	 7.208636815365 
19.000000000000 	 5.000000000000 	 8.358963733513 
19.000000000000 	 6.000000000000 	 9.452714111258 
19.000000000000 	 7.000000000000 	 10.485180680989 
19.000000000000 	 8.000000000000 	 11.452828059204 
19.000000000000 	 9.000000000000 	 12.353211421901 
19.000000000000 	 10.000000000000 	 13.184861141874 
19.000000000000 	 11.000000000000 	 13.947146111608 
19.000000000000 	 12.000000000000 	 14.640127121989 
19.000000000000 	 13.000000000000 	 15.264409612411 
19.000000000000 	 14.000000000000 	 15.821002815065 
19.000000000000 	 15.000000000000 	 16.311190121938 
19.000000000000 	 16.000000000000 	 16.736413611432 
19.000000000000 	 17.000000000000 	 17.098174175324 
19.000000000000 	 18.000000000000 	 17.397947598464 
19.000000000000 	 19.000000000000 	 17.637116226385 
19.000000000000 	 20.000000000000 	 17.816915448328 
19.000000000000 	 21.000000000000 	 17.938394056333 
19.000000000000 	 22.000000000000 	 18.002387548835 
19.000000000000 	 23.000000000000 	 18.009503571066 
19.000000000000 	 24.000000000000 	 17.960118874287 
19.000000000000 	 25.000000000000 	 17.854387388571 
19.000000000000 	 26.000000000000 	 17.692259201252 
19.000000000000 	 27.000000000000 	 17.473510379637 
19.000000000000 	 28.000000000000 	 17.197783636619 
19.000000000000 	 29.000000000000 	 16.864639775817 
19.000000000000 	 30.000000000000 	 16.473619634175 
19.000000000000 	 31.000000000000 	 16.024315834995 
19.000000000000 	 32.000000000000 	 15.516453055857 
19.000000000000 	 33.000000000000 	 14.949974709319 
19.000000000000 	 34.000000000000 	 14.325132970379 
19.000000000000 	 35.000000000000 	 13.642578051292 
19.000000000000 	 36.000000000000 	 12.903441662700 
19.000000000000 	 37.000000000000 	 12.109408898691 
19.000000000000 	 38.000000000000 	 11.262772554178 
19.000000000000 	 39.000000000000 	 10.366464315676 

20.000000000000 	 1.000000000000 	 3.417305232901 
20.000000000000 	 2.000000000000 	 4.673449530314 
20.000000000000 	 3.000000000000 	 5.895415739944 
20.000000000000 	 4.000000000000 	 7.075249181943 
20.000000000000 	 5.000000000000 	 8.206023556863 
20.000000000000 	 6.000000000000 	 9.281929370937 
20.000000000000 	 7.000000000000 	 10.298301750496 
20.000000000000 	 8.000000000000 	 11.251593875941 
20.000000000000 	 9.000000000000 	 12.139305756033 
20.000000000000 	 10.000000000000 	 12.959879786281 
20.000000000000 	 11.000000000000 	 13.712574695189 
20.000000000000 	 12.000000000000 	 14.397328477525 
20.000000000000 	 13.000000000000 	 15.014619200136 
20.000000000000 	 14.000000000000 	 15.565330555897 
20.000000000000 	 15.000000000000 	 16.050627051162 
20.000000000000 	 16.000000000000 	 16.471841946891 
20.000000000000 	 17.000000000000 	 16.830379638863 
20.000000000000 	 18.000000000000 	 17.127633088066 
20.000000000000 	 19.000000000000 	 17.364916178017 
20.000000000000 	 20.000000000000 	 17.543410433634 
20.000000000000 	 21.000000000000 	 17.664125326970 
20.000000000000 	 22.000000000000 	 17.727871358758 
20.000000000000 	 23.000000000000 	 17.735245185706 
20.000000000000 	 24.000000000000 	 17.686626213156 
20.000000000000 	 25.000000000000 	 17.582184248068 
20.000000000000 	 26.000000000000 	 17.421897970140 
20.000000000000 	 27.000000000000 	 17.205584093358 
20.000000000000 	 28.000000000000 	 16.932937122035 
20.000000000000 	 29.000000000000 	 16.603579520766 
20.000000000000 	 30.000000000000 	 16.217121886161 
20.000000000000 	 31.000000000000 	 15.773232305494 
20.000000000000 	 32.000000000000 	 15.271713503151 
20.000000000000 	 33.000000000000 	 14.712585622210 
20.000000000000 	 34.000000000000 	 14.096171610832 
20.000000000000 	 35.000000000000 	 13.423181268285 
20.000000000000 	 36.000000000000 	 12.694789184625 
20.000000000000 	 37.000000000000 	 11.912701248393 
20.000000000000 	 38.000000000000 	 11.079204277814 
20.000000000000 	 39.000000000000 	 10.197193805037 

21.000000000000 	 1.000000000000 	 3.384185999364 
21.000000000000 	 2.000000000000 	 4.628114155063 
21.000000000000 	 3.000000000000 	 5.838143359817 
21.000000000000 	 4.000000000000 	 7.006392863373 
21.000000000000 	 5.000000000000 	 8.126007201187 
21.000000000000 	 6.000000000000 	 9.191242738205 
21.000000000000 	 7.000000000000 	 10.197493479320 
21.000000000000 	 8.000000000000 	 11.141262710684 
21.000000000000 	 9.000000000000 	 12.020090471387 
21.000000000000 	 10.000000000000 	 12.832448468126 
21.000000000000 	 11.000000000000 	 13.577614081159 
21.000000000000 	 12.000000000000 	 14.255533998519 
21.000000000000 	 13.000000000000 	 14.866686230196 
21.000000000000 	 14.000000000000 	 15.411947210833 
21.000000000000 	 15.000000000000 	 15.892468708266 
21.000000000000 	 16.000000000000 	 16.309567510780 
21.000000000000 	 17.000000000000 	 16.664629462990 
21.000000000000 	 18.000000000000 	 16.959028380124 
21.000000000000 	 19.000000000000 	 17.194059667090 
21.000000000000 	 20.000000000000 	 17.370888051309 
21.000000000000 	 21.000000000000 	 17.490508646632 
21.000000000000 	 22.000000000000 	 17.553720540497 
21.000000000000 	 23.000000000000 	 17.561112183585 
21.000000000000 	 24.000000000000 	 17.513058013538 
21.000000000000 	 25.000000000000 	 17.409725920784 
21.000000000000 	 26.000000000000 	 17.251095328386 
21.000000000000 	 27.000000000000 	 17.036985774980 
21.000000000000 	 28.000000000000 	 16.767095926628 
21.000000000000 	 29.000000000000 	 16.441052867122 
21.000000000000 	 30.000000000000 	 16.058471295667 
21.000000000000 	 31.000000000000 	 15.619021870961 
21.000000000000 	 32.000000000000 	 15.122507368406 
21.000000000000 	 33.000000000000 	 14.568944571390 
21.000000000000 	 34.000000000000 	 13.958648939302 
21.000000000000 	 35.000000000000 	 13.292318167393 
21.000000000000 	 36.000000000000 	 12.571109906423 
21.000000000000 	 37.000000000000 	 11.796708312575 
21.000000000000 	 38.000000000000 	 10.971373937203 
21.000000000000 	 39.000000000000 	 10.097971905241 

22.000000000000 	 1.000000000000 	 3.383564982672 
22.000000000000 	 2.000000000000 	 4.626762970937 
22.000000000000 	 3.000000000000 	 5.835423275554 
22.000000000000 	 4.000000000000 	 7.001579450660 
22.000000000000 	 5.000000000000 	 8.118349629542 
22.000000000000 	 6.000000000000 	 9.180019835183 
22.000000000000 	 7.000000000000 	 10.182061270335 
22.000000000000 	 8.000000000000 	 11.121090211742 
22.000000000000 	 9.000000000000 	 11.994782608644 
22.000000000000 	 10.000000000000 	 12.801756744240 
22.000000000000 	 11.000000000000 	 13.541436799732 
22.000000000000 	 12.000000000000 	 14.213908469556 
22.000000000000 	 13.000000000000 	 14.819775503517 
22.000000000000 	 14.000000000000 	 15.360023665255 
22.000000000000 	 15.000000000000 	 15.835896409716 
22.000000000000 	 16.000000000000 	 16.248784763609 
22.000000000000 	 17.000000000000 	 16.600132500607 
22.000000000000 	 18.000000000000 	 16.891356723058 
22.000000000000 	 19.000000000000 	 17.123783340462 
22.000000000000 	 20.000000000000 	 17.298596602341 
22.000000000000 	 21.000000000000 	 17.416801728665 
22.000000000000 	 22.000000000000 	 17.479199721015 
22.000000000000 	 23.000000000000 	 17.486373578069 
22.000000000000 	 24.000000000000 	 17.438685335034 
22.000000000000 	 25.000000000000 	 17.336283560810 
22.000000000000 	 26.000000000000 	 17.179121145999 
22.000000000000 	 27.000000000000 	 16.966983367946 
22.000000000000 	 28.000000000000 	 16.699526293876 
22.000000000000 	 29.000000000000 	 16.376325545989 
22.000000000000 	 30.000000000000 	 15.996935268151 
22.000000000000 	 31.000000000000 	 15.560956769440 
22.000000000000 	 32.000000000000 	 15.068115750829 
22.000000000000 	 33.000000000000 	 14.518346242101 
22.000000000000 	 34.000000000000 	 13.911878413983 
22.000000000000 	 35.000000000000 	 13.249326360659 
22.000000000000 	 36.000000000000 	 12.531770904786 
22.000000000000 	 37.000000000000 	 11.760831655201 
22.000000000000 	 38.000000000000 	 10.938722180794 
22.000000000000 	 39.000000000000 	 10.068282479831 

23.000000000000 	 1.000000000000 	 3.415863515822 
23.000000000000 	 2.000000000000 	 4.669930585952 
23.000000000000 	 3.000000000000 	 5.887848045292 
23.000000000000 	 4.000000000000 	 7.061400697636 
23.000000000000 	 5.000000000000 	 8.183586380690 
23.000000000000 	 6.000000000000 	 9.248693202446 
23.000000000000 	 7.000000000000 	 10.252299733540 
23.000000000000 	 8.000000000000 	 11.191211098909 
23.000000000000 	 9.000000000000 	 12.063347385995 
23.000000000000 	 10.000000000000 	 12.867601251850 
23.000000000000 	 11.000000000000 	 13.603679931622 
23.000000000000 	 12.000000000000 	 14.271943990561 
23.000000000000 	 13.000000000000 	 14.873251932479 
23.000000000000 	 14.000000000000 	 15.408816735487 
23.000000000000 	 15.000000000000 	 15.880077834837 
23.000000000000 	 16.000000000000 	 16.288590121677 
23.000000000000 	 17.000000000000 	 16.635930159083 
23.000000000000 	 18.000000000000 	 16.923618950760 
23.000000000000 	 19.000000000000 	 17.153060127856 
23.000000000000 	 20.000000000000 	 17.325492242113 
23.000000000000 	 21.000000000000 	 17.441953880049 
23.000000000000 	 22.000000000000 	 17.503260472230 
23.000000000000 	 23.000000000000 	 17.509991910081 
23.000000000000 	 24.000000000000 	 17.462490359969 
23.000000000000 	 25.000000000000 	 17.360867949159 
23.000000000000 	 26.000000000000 	 17.205024264342 
23.000000000000 	 27.000000000000 	 16.994673824488 
23.000000000000 	 28.000000000000 	 16.729383836474 
23.000000000000 	 29.000000000000 	 16.408622578942 
23.000000000000 	 30.000000000000 	 16.031818644955 
23.000000000000 	 31.000000000000 	 15.598430959720 
23.000000000000 	 32.000000000000 	 15.108028929503 
23.000000000000 	 33.000000000000 	 14.560381237985 
23.000000000000 	 34.000000000000 	 13.955550685230 
23.000000000000 	 35.000000000000 	 13.293991117693 
23.000000000000 	 36.000000000000 	 12.576641064548 
23.000000000000 	 37.000000000000 	 11.805007415125 
23.000000000000 	 38.000000000000 	 10.981231672313 
23.000000000000 	 39.000000000000 	 10.108131358935 

24.000000000000 	 1.000000000000 	 3.482203969289 
24.000000000000 	 2.000000000000 	 4.759063736347 
24.000000000000 	 3.000000000000 	 5.997069138161 
24.000000000000 	 4.000000000000 	 7.187585206721 
24.000000000000 	 5.000000000000 	 8.323401840055 
24.000000000000 	 6.000000000000 	 9.398798926031 
24.000000000000 	 7.000000000000 	 10.409516540218 
24.000000000000 	 8.000000000000 	 11.352650861575 
24.000000000000 	 9.000000000000 	 12.226499548966 
24.000000000000 	 10.000000000000 	 13.030379129159 
24.000000000000 	 11.000000000000 	 13.764433142061 
24.000000000000 	 12.000000000000 	 14.429444947501 
24.000000000000 	 13.000000000000 	 15.026664356526 
24.000000000000 	 14.000000000000 	 15.557653248345 
24.000000000000 	 15.000000000000 	 16.024152309856 
24.000000000000 	 16.000000000000 	 16.427968967866 
24.000000000000 	 17.000000000000 	 16.770885323641 
24.000000000000 	 18.000000000000 	 17.054584252817 
24.000000000000 	 19.000000000000 	 17.280591618758 
24.000000000000 	 20.000000000000 	 17.450232614635 
24.000000000000 	 21.000000000000 	 17.564600487760 
24.000000000000 	 22.000000000000 	 17.624536232211 
24.000000000000 	 23.000000000000 	 17.630618212453 
24.000000000000 	 24.000000000000 	 17.583161070305 
24.000000000000 	 25.000000000000 	 17.482223649714 
24.000000000000 	 26.000000000000 	 17.327626032798 
24.000000000000 	 27.000000000000 	 17.118976099027 
24.000000000000 	 28.000000000000 	 16.855706273219 
24.000000000000 	 29.000000000000 	 16.537121281481 
24.000000000000 	 30.000000000000 	 16.162457736045 
24.000000000000 	 31.000000000000 	 15.730956152385 
24.000000000000 	 32.000000000000 	 15.241945484275 
24.000000000000 	 33.000000000000 	 14.694939363581 
24.000000000000 	 34.000000000000 	 14.089741895864 
24.000000000000 	 35.000000000000 	 13.426559099938 
24.000000000000 	 36.000000000000 	 12.706110017296 
24.000000000000 	 37.000000000000 	 11.929729450189 
24.000000000000 	 38.000000000000 	 11.099452692659 
24.000000000000 	 39.000000000000 	 10.218072099233 

25.000000000000 	 1.000000000000 	 3.584507147604 
25.000000000000 	 2.000000000000 	 4.896642116826 
25.000000000000 	 3.000000000000 	 6.165926050326 
25.000000000000 	 4.000000000000 	 7.383121608492 
25.000000000000 	 5.000000000000 	 8.540735456786 
25.000000000000 	 6.000000000000 	 9.633059184174 
25.000000000000 	 7.000000000000 	 10.656088908216 
25.000000000000 	 8.000000000000 	 11.607357314620 
25.000000000000 	 9.000000000000 	 12.485713491412 
25.000000000000 	 10.000000000000 	 13.291081388984 
25.000000000000 	 11.000000000000 	 14.024220231402 
25.000000000000 	 12.000000000000 	 14.686502245213 
25.000000000000 	 13.000000000000 	 15.279716179189 
25.000000000000 	 14.000000000000 	 15.805899888725 
25.000000000000 	 15.000000000000 	 16.267201781602 
25.000000000000 	 16.000000000000 	 16.665768890232 
25.000000000000 	 17.000000000000 	 17.003658374413 
25.000000000000 	 18.000000000000 	 17.282769013847 
25.000000000000 	 19.000000000000 	 17.504789439039 
25.000000000000 	 20.000000000000 	 17.671160272036 
25.000000000000 	 21.000000000000 	 17.783047875321 
25.000000000000 	 22.000000000000 	 17.841327962825 
25.000000000000 	 23.000000000000 	 17.846577873358 
25.000000000000 	 24.000000000000 	 17.799076828965 
25.000000000000 	 25.000000000000 	 17.698813996020 
25.000000000000 	 26.000000000000 	 17.545504635913 
25.000000000000 	 27.000000000000 	 17.338615072132 
25.000000000000 	 28.000000000000 	 17.077397597202 
25.000000000000 	 29.000000000000 	 16.760936763966 
25.000000000000 	 30.000000000000 	 16.388208692160 
25.000000000000 	 31.000000000000 	 15.958154980988 
25.000000000000 	 32.000000000000 	 15.469772424141 
25.000000000000 	 33.000000000000 	 14.922218821642 
25.000000000000 	 34.000000000000 	 14.314933622613 
25.000000000000 	 35.000000000000 	 13.647769826360 
25.000000000000 	 36.000000000000 	 12.921130583201 
25.000000000000 	 37.000000000000 	 12.136100605230 
25.000000000000 	 38.000000000000 	 11.294559505945 
25.000000000000 	 39.000000000000 	 10.399262543732 

26.000000000000 	 1.000000000000 	 3.725654830576 
26.000000000000 	 2.000000000000 	 5.086379017981 
26.000000000000 	 3.000000000000 	 6.398658933411 
26.000000000000 	 4.000000000000 	 7.652459243561 
26.000000000000 	 5.000000000000 	 8.839952594278 
26.000000000000 	 6.000000000000 	 9.955513081568 
26.000000000000 	 7.000000000000 	 10.995551560267 
26.000000000000 	 8.000000000000 	 11.958248488867 
26.000000000000 	 9.000000000000 	 12.843237428905 
26.000000000000 	 10.000000000000 	 13.651281287510 
26.000000000000 	 11.000000000000 	 14.383969661143 
26.000000000000 	 12.000000000000 	 15.043453042362 
26.000000000000 	 13.000000000000 	 15.632219980204 
26.000000000000 	 14.000000000000 	 16.152916857871 
26.000000000000 	 15.000000000000 	 16.608206298661 
26.000000000000 	 16.000000000000 	 17.000658589919 
26.000000000000 	 17.000000000000 	 17.332670207132 
26.000000000000 	 18.000000000000 	 17.606403959593 
26.000000000000 	 19.000000000000 	 17.823746073489 
26.000000000000 	 20.000000000000 	 17.986276436144 
26.000000000000 	 21.000000000000 	 18.095249115954 
26.000000000000 	 22.000000000000 	 18.151581089298 
26.000000000000 	 23.000000000000 	 18.155847836703 
26.000000000000 	 24.000000000000 	 18.108285128047 
26.000000000000 	 25.000000000000 	 18.008796924256 
26.000000000000 	 26.000000000000 	 17.856969905205 
26.000000000000 	 27.000000000000 	 17.652095708874 
26.000000000000 	 28.000000000000 	 17.393202538828 
26.000000000000 	 29.000000000000 	 17.079098344612 
26.000000000000 	 30.000000000000 	 16.708428242754 
26.000000000000 	 31.000000000000 	 16.279749110656 
26.000000000000 	 32.000000000000 	 15.791624168391 
26.000000000000 	 33.000000000000 	 15.242739608737 
26.000000000000 	 34.000000000000 	 14.632043639065 
26.000000000000 	 35.000000000000 	 13.958905381070 
26.000000000000 	 36.000000000000 	 13.223286830544 
26.000000000000 	 37.000000000000 	 12.425915798954 
26.000000000000 	 38.000000000000 	 11.568442363083 
26.000000000000 	 39.000000000000 	 10.653557488500 

27.000000000000 	 1.000000000000 	 3.909740306355 
27.000000000000 	 2.000000000000 	 5.333527862973 
27.000000000000 	 3.000000000000 	 6.701228656273 
27.000000000000 	 4.000000000000 	 8.001804211549 
27.000000000000 	 5.000000000000 	 9.227090175685 
27.000000000000 	 6.000000000000 	 10.371698604198 
27.000000000000 	 7.000000000000 	 11.432713317467 
27.000000000000 	 8.000000000000 	 12.409270472515 
27.000000000000 	 9.000000000000 	 13.302103676424 
27.000000000000 	 10.000000000000 	 14.113109687825 
27.000000000000 	 11.000000000000 	 14.844966962725 
27.000000000000 	 12.000000000000 	 15.500820276852 
27.000000000000 	 13.000000000000 	 16.084031888030 
27.000000000000 	 14.000000000000 	 16.597992517859 
27.000000000000 	 15.000000000000 	 17.045982346451 
27.000000000000 	 16.000000000000 	 17.431071721072 
27.000000000000 	 17.000000000000 	 17.756052192076 
27.000000000000 	 18.000000000000 	 18.023390004719 
27.000000000000 	 19.000000000000 	 18.235195816548 
27.000000000000 	 20.000000000000 	 18.393205933704 
27.000000000000 	 21.000000000000 	 18.498771670967 
27.000000000000 	 22.000000000000 	 18.552854530267 
27.000000000000 	 23.000000000000 	 18.556025795342 
27.000000000000 	 24.000000000000 	 18.508469909846 
27.000000000000 	 25.000000000000 	 18.409991701442 
27.000000000000 	 26.000000000000 	 18.260028191589 
27.000000000000 	 27.000000000000 	 18.057666437788 
27.000000000000 	 28.000000000000 	 17.801669623641 
27.000000000000 	 29.000000000000 	 17.490514445894 
27.000000000000 	 30.000000000000 	 17.122443701655 
27.000000000000 	 31.000000000000 	 16.695538731477 
27.000000000000 	 32.000000000000 	 16.207816789501 
27.000000000000 	 33.000000000000 	 15.657358109040 
27.000000000000 	 34.000000000000 	 15.042465877677 
27.000000000000 	 35.000000000000 	 14.361858912778 
27.000000000000 	 36.000000000000 	 13.614891037008 
27.000000000000 	 37.000000000000 	 12.801783002355 
27.000000000000 	 38.000000000000 	 11.923843361259 
27.000000000000 	 39.000000000000 	 10.983646511343 

28.000000000000 	 1.000000000000 	 4.142444831951 
28.000000000000 	 2.000000000000 	 5.645337107407 
28.000000000000 	 3.000000000000 	 7.081781819542 
28.000000000000 	 4.000000000000 	 8.439537155500 
28.000000000000 	 5.000000000000 	 9.710190385621 
28.000000000000 	 6.000000000000 	 10.888887335790 
28.000000000000 	 7.000000000000 	 11.973795685493 
28.000000000000 	 8.000000000000 	 12.965453978775 
28.000000000000 	 9.000000000000 	 13.866122341013 
28.000000000000 	 10.000000000000 	 14.679205416070 
28.000000000000 	 11.000000000000 	 15.408778912078 
28.000000000000 	 12.000000000000 	 16.059224202898 
28.000000000000 	 13.000000000000 	 16.634960237075 
28.000000000000 	 14.000000000000 	 17.140255550523 
28.000000000000 	 15.000000000000 	 17.579102166790 
28.000000000000 	 16.000000000000 	 17.955134991450 
28.000000000000 	 17.000000000000 	 18.271583242693 
28.000000000000 	 18.000000000000 	 18.531243528057 
28.000000000000 	 19.000000000000 	 18.736466908377 
28.000000000000 	 20.000000000000 	 18.889154524259 
28.000000000000 	 21.000000000000 	 18.990758101891 
28.000000000000 	 22.000000000000 	 19.042282983464 
28.000000000000 	 23.000000000000 	 19.044292348840 
28.000000000000 	 24.000000000000 	 18.996912117785 
28.000000000000 	 25.000000000000 	 18.899836748618 
28.000000000000 	 26.000000000000 	 18.752336873334 
28.000000000000 	 27.000000000000 	 18.553270516152 
28.000000000000 	 28.000000000000 	 18.301100604225 
28.000000000000 	 29.000000000000 	 17.993922644006 
28.000000000000 	 30.000000000000 	 17.629507803760 
28.000000000000 	 31.000000000000 	 17.205368118285 
28.000000000000 	 32.000000000000 	 16.718851861725 
28.000000000000 	 33.000000000000 	 16.167277816431 
28.000000000000 	 34.000000000000 	 15.548116371345 
28.000000000000 	 35.000000000000 	 14.859221953917 
28.000000000000 	 36.000000000000 	 14.099113952382 
28.000000000000 	 37.000000000000 	 13.267291202493 
28.000000000000 	 38.000000000000 	 12.364549031888 
28.000000000000 	 39.000000000000 	 11.393251425393 

29.000000000000 	 1.000000000000 	 4.431602742946 
29.000000000000 	 2.000000000000 	 6.031721811155 
29.000000000000 	 3.000000000000 	 7.551318047491 
29.000000000000 	 4.000000000000 	 8.976789609980 
29.000000000000 	 5.000000000000 	 10.299737302149 
29.000000000000 	 6.000000000000 	 11.516369048493 
29.000000000000 	 7.000000000000 	 12.626579285703 
29.000000000000 	 8.000000000000 	 13.632950456205 
29.000000000000 	 9.000000000000 	 14.539838847611 
29.000000000000 	 10.000000000000 	 15.352623408573 
29.000000000000 	 11.000000000000 	 16.077135875970 
29.000000000000 	 12.000000000000 	 16.719256129277 
29.000000000000 	 13.000000000000 	 17.284642072534 
29.000000000000 	 14.000000000000 	 17.778560913823 
29.000000000000 	 15.000000000000 	 18.205792381189 
29.000000000000 	 16.000000000000 	 18.570580274407 
29.000000000000 	 17.000000000000 	 18.876614691121 
29.000000000000 	 18.000000000000 	 19.127032355391 
29.000000000000 	 19.000000000000 	 19.324426458245 
29.000000000000 	 20.000000000000 	 19.470860360283 
29.000000000000 	 21.000000000000 	 19.567881598318 
29.000000000000 	 22.000000000000 	 19.616534099220 
29.000000000000 	 23.000000000000 	 19.617367535259 
29.000000000000 	 24.000000000000 	 19.570443528712 
29.000000000000 	 25.000000000000 	 19.475339077325 
29.000000000000 	 26.000000000000 	 19.331148258495 
29.000000000000 	 27.000000000000 	 19.136484104595 
29.000000000000 	 28.000000000000 	 18.889483648703 
29.000000000000 	 29.000000000000 	 18.587820636445 
29.000000000000 	 30.000000000000 	 18.228732373254 
29.000000000000 	 31.000000000000 	 17.809069629377 
29.000000000000 	 32.000000000000 	 17.325381270977 
29.000000000000 	 33.000000000000 	 16.774047781568 
29.000000000000 	 34.000000000000 	 16.151478961602 
29.000000000000 	 35.000000000000 	 15.454388941260 
29.000000000000 	 36.000000000000 	 14.680153555922 
29.000000000000 	 37.000000000000 	 13.827238382431 
29.000000000000 	 38.000000000000 	 12.895659372760 
29.000000000000 	 39.000000000000 	 11.887406134177 

30.000000000000 	 1.000000000000 	 4.788060653885 
30.000000000000 	 2.000000000000 	 6.506262607006 
30.000000000000 	 3.000000000000 	 8.124646199351 
30.000000000000 	 4.000000000000 	 9.628227658982 
30.000000000000 	 5.000000000000 	 11.009208753665 
30.000000000000 	 6.000000000000 	 12.265772251189 
30.000000000000 	 7.000000000000 	 13.400530253344 
30.000000000000 	 8.000000000000 	 14.419015962589 
30.000000000000 	 9.000000000000 	 15.328426045505 
30.000000000000 	 10.000000000000 	 16.136677021781 
30.000000000000 	 11.000000000000 	 16.851755083747 
30.000000000000 	 12.000000000000 	 17.481302927279 
30.000000000000 	 13.000000000000 	 18.032380758136 
30.000000000000 	 14.000000000000 	 18.511346317771 
30.000000000000 	 15.000000000000 	 18.923811031150 
30.000000000000 	 16.000000000000 	 19.274641390241 
30.000000000000 	 17.000000000000 	 19.567984557808 
30.000000000000 	 18.000000000000 	 19.807304545712 
30.000000000000 	 19.000000000000 	 19.995420487014 
30.000000000000 	 20.000000000000 	 20.134541975327 
30.000000000000 	 21.000000000000 	 20.226298669456 
30.000000000000 	 22.000000000000 	 20.271762754614 
30.000000000000 	 23.000000000000 	 20.271463719903 
30.000000000000 	 24.000000000000 	 20.225395488179 
30.000000000000 	 25.000000000000 	 20.133016403223 
30.000000000000 	 26.000000000000 	 19.993243101815 
30.000000000000 	 27.000000000000 	 19.804440036448 
30.000000000000 	 28.000000000000 	 19.564407548944 
30.000000000000 	 29.000000000000 	 19.270373135953 
30.000000000000 	 30.000000000000 	 18.918993125014 
30.000000000000 	 31.000000000000 	 18.506375596969 
30.000000000000 	 32.000000000000 	 18.028140095709 
30.000000000000 	 33.000000000000 	 17.479535098147 
30.000000000000 	 34.000000000000 	 16.855639163039 
30.000000000000 	 35.000000000000 	 16.151673457541 
30.000000000000 	 36.000000000000 	 15.363447269540 
30.000000000000 	 37.000000000000 	 14.487937638005 
30.000000000000 	 38.000000000000 	 13.523963507495 
30.000000000000 	 39.000000000000 	 12.472855109984 

31.000000000000 	 1.000000000000 	 5.227013167914 
31.000000000000 	 2.000000000000 	 7.087714573492 
31.000000000000 	 3.000000000000 	 8.821759272996 
31.000000000000 	 4.000000000000 	 10.413102123299 
31.000000000000 	 5.000000000000 	 11.855742875668 
31.000000000000 	 6.000000000000 	 13.151383499887 
31.000000000000 	 7.000000000000 	 14.306854935619 
31.000000000000 	 8.000000000000 	 15.331891999774 
31.000000000000 	 9.000000000000 	 16.237468874810 
31.000000000000 	 10.000000000000 	 17.034683693125 
31.000000000000 	 11.000000000000 	 17.734084492975 
31.000000000000 	 12.000000000000 	 18.345310384216 
31.000000000000 	 13.000000000000 	 18.876938854730 
31.000000000000 	 14.000000000000 	 19.336457457198 
31.000000000000 	 15.000000000000 	 19.730303789693 
31.000000000000 	 16.000000000000 	 20.063937738197 
31.000000000000 	 17.000000000000 	 20.341924113325 
31.000000000000 	 18.000000000000 	 20.568013166027 
31.000000000000 	 19.000000000000 	 20.745212322475 
31.000000000000 	 20.000000000000 	 20.875845964525 
31.000000000000 	 21.000000000000 	 20.961602041391 
31.000000000000 	 22.000000000000 	 21.003565316895 
31.000000000000 	 23.000000000000 	 21.002237529492 
31.000000000000 	 24.000000000000 	 20.957544937301 
31.000000000000 	 25.000000000000 	 20.868833832702 
31.000000000000 	 26.000000000000 	 20.734854808394 
31.000000000000 	 27.000000000000 	 20.553737017862 
31.000000000000 	 28.000000000000 	 20.322954625286 
31.000000000000 	 29.000000000000 	 20.039289394340 
31.000000000000 	 30.000000000000 	 19.698796344682 
31.000000000000 	 31.000000000000 	 19.296784137235 
31.000000000000 	 32.000000000000 	 18.827828875394 
31.000000000000 	 33.000000000000 	 18.285849589849 
31.000000000000 	 34.000000000000 	 17.664285122018 
31.000000000000 	 35.000000000000 	 16.956422539958 
31.000000000000 	 36.000000000000 	 16.155929638385 
31.000000000000 	 37.000000000000 	 15.257625739451 
31.000000000000 	 38.000000000000 	 14.258468646988 
31.000000000000 	 39.000000000000 	 13.158629494599 

32.000000000000 	 1.000000000000 	 5.770142809551 
32.000000000000 	 2.000000000000 	 7.802333124927 
32.000000000000 	 3.000000000000 	 9.669818723745 
32.000000000000 	 4.000000000000 	 11.356624162278 
32.000000000000 	 5.000000000000 	 12.860882948806 
32.000000000000 	 6.000000000000 	 14.190382797002 
32.000000000000 	 7.000000000000 	 15.358392096752 
32.000000000000 	 8.000000000000 	 16.380505566390 
32.000000000000 	 9.000000000000 	 17.272584377828 
32.000000000000 	 10.000000000000 	 18.049576685980 
32.000000000000 	 11.000000000000 	 18.724945905597 
32.000000000000 	 12.000000000000 	 19.310475301487 
32.000000000000 	 13.000000000000 	 19.816283373516 
32.000000000000 	 14.000000000000 	 20.250943306622 
32.000000000000 	 15.000000000000 	 20.621642829419 
32.000000000000 	 16.000000000000 	 20.934349194431 
32.000000000000 	 17.000000000000 	 21.193961371641 
32.000000000000 	 18.000000000000 	 21.404441567794 
32.000000000000 	 19.000000000000 	 21.568923601960 
32.000000000000 	 20.000000000000 	 21.689798343661 
32.000000000000 	 21.000000000000 	 21.768777527538 
32.000000000000 	 22.000000000000 	 21.806937507884 
32.000000000000 	 23.000000000000 	 21.804744325839 
32.000000000000 	 24.000000000000 	 21.762061080251 
32.000000000000 	 25.000000000000 	 21.678138181652 
32.000000000000 	 26.000000000000 	 21.551586761906 
32.000000000000 	 27.000000000000 	 21.380335468755 
32.000000000000 	 28.000000000000 	 21.161571332809 
32.000000000000 	 29.000000000000 	 20.891666740212 
32.000000000000 	 30.000000000000 	 20.566097396799 
32.000000000000 	 31.000000000000 	 20.179361476762 
32.000000000000 	 32.000000000000 	 19.724919234449 
32.000000000000 	 33.000000000000 	 19.195186775258 
32.000000000000 	 34.000000000000 	 18.581638525336 
32.000000000000 	 35.000000000000 	 17.875098970214 
32.000000000000 	 36.000000000000 	 17.066327910310 
32.000000000000 	 37.000000000000 	 16.147004563372 
32.000000000000 	 38.000000000000 	 15.111155561558 
32.000000000000 	 39.000000000000 	 13.956900286818 

33.000000000000 	 1.000000000000 	 6.449180683363 
33.000000000000 	 2.000000000000 	 8.687544427005 
33.000000000000 	 3.000000000000 	 10.706015318580 
33.000000000000 	 4.000000000000 	 12.491688305722 
33.000000000000 	 5.000000000000 	 14.051279157325 
33.000000000000 	 6.000000000000 	 15.402828794024 
33.000000000000 	 7.000000000000 	 16.569191542432 
33.000000000000 	 8.000000000000 	 17.573876267049 
33.000000000000 	 9.000000000000 	 18.438805225406 
33.000000000000 	 10.000000000000 	 19.183343222016 
33.000000000000 	 11.000000000000 	 19.824059660838 
33.000000000000 	 12.000000000000 	 20.374862097128 
33.000000000000 	 13.000000000000 	 20.847286447166 
33.000000000000 	 14.000000000000 	 21.250827872212 
33.000000000000 	 15.000000000000 	 21.593255814131 
33.000000000000 	 16.000000000000 	 21.880889631583 
33.000000000000 	 17.000000000000 	 22.118828245808 
33.000000000000 	 18.000000000000 	 22.311135138812 
33.000000000000 	 19.000000000000 	 22.460983167165 
33.000000000000 	 20.000000000000 	 22.570764345818 
33.000000000000 	 21.000000000000 	 22.642169302710 
33.000000000000 	 22.000000000000 	 22.676240166417 
33.000000000000 	 23.000000000000 	 22.673399546614 
33.000000000000 	 24.000000000000 	 22.633457147052 
33.000000000000 	 25.000000000000 	 22.555594480776 
33.000000000000 	 26.000000000000 	 22.438327187391 
33.000000000000 	 27.000000000000 	 22.279443666303 
33.000000000000 	 28.000000000000 	 22.075918318814 
33.000000000000 	 29.000000000000 	 21.823798009102 
33.000000000000 	 30.000000000000 	 21.518062132590 
33.000000000000 	 31.000000000000 	 21.152461238118 
33.000000000000 	 32.000000000000 	 20.719348742529 
33.000000000000 	 33.000000000000 	 20.209538435385 
33.000000000000 	 34.000000000000 	 19.612251951752 
33.000000000000 	 35.000000000000 	 18.915269572055 
33.000000000000 	 36.000000000000 	 18.105462888899 
33.000000000000 	 37.000000000000 	 17.169947148986 
33.000000000000 	 38.000000000000 	 16.098076834406 
33.000000000000 	 39.000000000000 	 14.884283844753 

34.000000000000 	 1.000000000000 	 7.312113333358 
34.000000000000 	 2.000000000000 	 9.797879635281 
34.000000000000 	 3.000000000000 	 11.981634760115 
34.000000000000 	 4.000000000000 	 13.860826335101 
34.000000000000 	 5.000000000000 	 15.459042512822 
34.000000000000 	 6.000000000000 	 16.811083777396 
34.000000000000 	 7.000000000000 	 17.953544052973 
34.000000000000 	 8.000000000000 	 18.920082493168 
34.000000000000 	 9.000000000000 	 19.739648512411 
34.000000000000 	 10.000000000000 	 20.436256984911 
34.000000000000 	 11.000000000000 	 21.029445490155 
34.000000000000 	 12.000000000000 	 21.534951684431 
34.000000000000 	 13.000000000000 	 21.965394333488 
34.000000000000 	 14.000000000000 	 22.330872165648 
34.000000000000 	 15.000000000000 	 22.639457646279 
34.000000000000 	 16.000000000000 	 22.897589869741 
34.000000000000 	 17.000000000000 	 23.110380321548 
34.000000000000 	 18.000000000000 	 23.281846897380 
34.000000000000 	 19.000000000000 	 23.415090004147 
34.000000000000 	 20.000000000000 	 23.512421990505 
34.000000000000 	 21.000000000000 	 23.575458479367 
34.000000000000 	 22.000000000000 	 23.605177727710 
34.000000000000 	 23.000000000000 	 23.601951978023 
34.000000000000 	 24.000000000000 	 23.565552839858 
34.000000000000 	 25.000000000000 	 23.495130961555 
34.000000000000 	 26.000000000000 	 23.389168535186 
34.000000000000 	 27.000000000000 	 23.245401468688 
34.000000000000 	 28.000000000000 	 23.060706385180 
34.000000000000 	 29.000000000000 	 22.830946175200 
34.000000000000 	 30.000000000000 	 22.550767213528 
34.000000000000 	 31.000000000000 	 22.213342906309 
34.000000000000 	 32.000000000000 	 21.810064800115 
34.000000000000 	 33.000000000000 	 21.330199631491 
34.000000000000 	 34.000000000000 	 20.760568432167 
34.000000000000 	 35.000000000000 	 20.085377838202 
34.000000000000 	 36.000000000000 	 19.286462347483 
34.000000000000 	 37.000000000000 	 18.344381323939 
34.000000000000 	 38.000000000000 	 17.240982788319 
34.000000000000 	 39.000000000000 	 15.963925581920 

35.000000000000 	 1.000000000000 	 8.434635980433 
35.000000000000 	 2.000000000000 	 11.214768928407 
35.000000000000 	 3.000000000000 	 13.567571181096 
35.000000000000 	 4.000000000000 	 15.517880195545 
35.000000000000 	 5.000000000000 	 17.121079885040 
35.000000000000 	 6.000000000000 	 18.438144508386 
35.000000000000 	 7.000000000000 	 19.524131275589 
35.000000000000 	 8.000000000000 	 20.424620254111 
35.000000000000 	 9.000000000000 	 21.175808669680 
35.000000000000 	 10.000000000000 	 21.805900288842 
35.000000000000 	 11.000000000000 	 22.336719793909 
35.000000000000 	 12.000000000000 	 22.785150453375 
35.000000000000 	 13.000000000000 	 23.164291830860 
35.000000000000 	 14.000000000000 	 23.484349517443 
35.000000000000 	 15.000000000000 	 23.753303458187 
35.000000000000 	 16.000000000000 	 23.977404354765 
35.000000000000 	 17.000000000000 	 24.161540163401 
35.000000000000 	 18.000000000000 	 24.309505313992 
35.000000000000 	 19.000000000000 	 24.424196853997 
35.000000000000 	 20.000000000000 	 24.507754954674 
35.000000000000 	 21.000000000000 	 24.561659996394 
35.000000000000 	 22.000000000000 	 24.586794435200 
35.000000000000 	 23.000000000000 	 24.583474484547 
35.000000000000 	 24.000000000000 	 24.551454002072 
35.000000000000 	 25.000000000000 	 24.489900570461 
35.000000000000 	 26.000000000000 	 24.397341350902 
35.000000000000 	 27.000000000000 	 24.271573628082 
35.000000000000 	 28.000000000000 	 24.109531834211 
35.000000000000 	 29.000000000000 	 23.907099073380 
35.000000000000 	 30.000000000000 	 23.658846813030 
35.000000000000 	 31.000000000000 	 23.357682115732 
35.000000000000 	 32.000000000000 	 22.994379755022 
35.000000000000 	 33.000000000000 	 22.556982684933 
35.000000000000 	 34.000000000000 	 22.030082619314 
35.000000000000 	 35.000000000000 	 21.394073095318 
35.000000000000 	 36.000000000000 	 20.624657512417 
35.000000000000 	 37.000000000000 	 19.693278747811 
35.000000000000 	 38.000000000000 	 18.569759558821 
35.000000000000 	 39.000000000000 	 17.229008999722 

36.000000000000 	 1.000000000000 	 9.942806289821 
36.000000000000 	 2.000000000000 	 13.062816648330 
36.000000000000 	 3.000000000000 	 15.560848524866 
36.000000000000 	 4.000000000000 	 17.527891203209 
36.000000000000 	 5.000000000000 	 19.076076409559 
36.000000000000 	 6.000000000000 	 20.304055628248 
36.000000000000 	 7.000000000000 	 21.288905638541 
36.000000000000 	 8.000000000000 	 22.088029460878 
36.000000000000 	 9.000000000000 	 22.743479255892 
36.000000000000 	 10.000000000000 	 23.286029994632 
36.000000000000 	 11.000000000000 	 23.738352673305 
36.000000000000 	 12.000000000000 	 24.117315551599 
36.000000000000 	 13.000000000000 	 24.435606563715 
36.000000000000 	 14.000000000000 	 24.702867368356 
36.000000000000 	 15.000000000000 	 24.926486753280 
36.000000000000 	 16.000000000000 	 25.112158535810 
36.000000000000 	 17.000000000000 	 25.264276175792 
36.000000000000 	 18.000000000000 	 25.386212995029 
36.000000000000 	 19.000000000000 	 25.480520928895 
36.000000000000 	 20.000000000000 	 25.549069892887 
36.000000000000 	 21.000000000000 	 25.593142418742 
36.000000000000 	 22.000000000000 	 25.613492992908 
36.000000000000 	 23.000000000000 	 25.610377676878 
36.000000000000 	 24.000000000000 	 25.583556507305 
36.000000000000 	 25.000000000000 	 25.532268403904 
36.000000000000 	 26.000000000000 	 25.455175448070 
36.000000000000 	 27.000000000000 	 25.350270008193 
36.000000000000 	 28.000000000000 	 25.214733761328 
36.000000000000 	 29.000000000000 	 25.044731516634 
36.000000000000 	 30.000000000000 	 24.835114001464 
36.000000000000 	 31.000000000000 	 24.578991426770 
36.000000000000 	 32.000000000000 	 24.267123132335 
36.000000000000 	 33.000000000000 	 23.887049712079 
36.000000000000 	 34.000000000000 	 23.421882684614 
36.000000000000 	 35.000000000000 	 22.848696810882 
36.000000000000 	 36.000000000000 	 22.136637304670 
36.000000000000 	 37.000000000000 	 21.245392839199 
36.000000000000 	 38.000000000000 	 20.126057323951 
36.000000000000 	 39.000000000000 	 18.729079963376 

37.000000000000 	 1.000000000000 	 12.061772441882 
37.000000000000 	 2.000000000000 	 15.535932656998 
37.000000000000 	 3.000000000000 	 18.089028196185 
37.000000000000 	 4.000000000000 	 19.961480139560 
37.000000000000 	 5.000000000000 	 21.356787434432 
37.000000000000 	 6.000000000000 	 22.419370070606 
37.000000000000 	 7.000000000000 	 23.246420374615 
37.000000000000 	 8.000000000000 	 23.902838466385 
37.000000000000 	 9.000000000000 	 24.432454950950 
37.000000000000 	 10.000000000000 	 24.865440114902 
37.000000000000 	 11.000000000000 	 25.223007512715 
37.000000000000 	 12.000000000000 	 25.520385633565 
37.000000000000 	 13.000000000000 	 25.768714556826 
37.000000000000 	 14.000000000000 	 25.976276611583 
37.000000000000 	 15.000000000000 	 26.149309724147 
37.000000000000 	 16.000000000000 	 26.292554605167 
37.000000000000 	 17.000000000000 	 26.409628587703 
37.000000000000 	 18.000000000000 	 26.503283924290 
37.000000000000 	 19.000000000000 	 26.575587065553 
37.000000000000 	 20.000000000000 	 26.628042233512 
37.000000000000 	 21.000000000000 	 26.661674175827 
37.000000000000 	 22.000000000000 	 26.677079395973 
37.000000000000 	 23.000000000000 	 26.674451212736 
37.000000000000 	 24.000000000000 	 26.653580943402 
37.000000000000 	 25.000000000000 	 26.613834772857 
37.000000000000 	 26.000000000000 	 26.554102977843 
37.000000000000 	 27.000000000000 	 26.472714578830 
37.000000000000 	 28.000000000000 	 26.367305449301 
37.000000000000 	 29.000000000000 	 26.234620272319 
37.000000000000 	 30.000000000000 	 26.070216599066 
37.000000000000 	 31.000000000000 	 25.868019441467 
37.000000000000 	 32.000000000000 	 25.619642040362 
37.000000000000 	 33.000000000000 	 25.313334574817 
37.000000000000 	 34.000000000000 	 24.932337815250 
37.000000000000 	 35.000000000000 	 24.452302442286 
37.000000000000 	 36.000000000000 	 23.837344518199 
37.000000000000 	 37.000000000000 	 23.034538902890 
37.000000000000 	 38.000000000000 	 21.968302885673 
37.000000000000 	 39.000000000000 	 20.542457144949 

38.000000000000 	 1.000000000000 	 15.231445229782 
38.000000000000 	 2.000000000000 	 18.932446877997 
38.000000000000 	 3.000000000000 	 21.300806803396 
38.000000000000 	 4.000000000000 	 22.875778787973 
38.000000000000 	 5.000000000000 	 23.974383350606 
38.000000000000 	 6.000000000000 	 24.774955288249 
38.000000000000 	 7.000000000000 	 25.379864695094 
38.000000000000 	 8.000000000000 	 25.850283867532 
38.000000000000 	 9.000000000000 	 26.224410528550 
38.000000000000 	 10.000000000000 	 26.527104674311 
38.000000000000 	 11.000000000000 	 26.775148849549 
38.000000000000 	 12.000000000000 	 26.980233342135 
38.000000000000 	 13.000000000000 	 27.150718074138 
38.000000000000 	 14.000000000000 	 27.292711192559 
38.000000000000 	 15.000000000000 	 27.410751212984 
38.000000000000 	 16.000000000000 	 27.508250685859 
38.000000000000 	 17.000000000000 	 27.587791454772 
38.000000000000 	 18.000000000000 	 27.651324510872 
38.000000000000 	 19.000000000000 	 27.700306486880 
38.000000000000 	 20.000000000000 	 27.735792551694 
38.000000000000 	 21.000000000000 	 27.758497987866 
38.000000000000 	 22.000000000000 	 27.768835959567 
38.000000000000 	 23.000000000000 	 27.766935715708 
38.000000000000 	 24.000000000000 	 27.752642992296 
38.000000000000 	 25.000000000000 	 27.725502171298 
38.000000000000 	 26.000000000000 	 27.684717375354 
38.000000000000 	 27.000000000000 	 27.629086613365 
38.000000000000 	 28.000000000000 	 27.556898583990 
38.000000000000 	 29.000000000000 	 27.465774506868 
38.000000000000 	 30.000000000000 	 27.352425017273 
38.000000000000 	 31.000000000000 	 27.212270140114 
38.000000000000 	 32.000000000000 	 27.038829410693 
38.000000000000 	 33.000000000000 	 26.822710160432 
38.000000000000 	 34.000000000000 	 26.549864425450 
38.000000000000 	 35.000000000000 	 26.198464774402 
38.000000000000 	 36.000000000000 	 25.733106243324 
38.000000000000 	 37.000000000000 	 25.093867883980 
38.000000000000 	 38.000000000000 	 24.176431132607 
38.000000000000 	 39.000000000000 	 22.803254659362 

39.000000000000 	 1.000000000000 	 20.413048759395 
39.000000000000 	 2.000000000000 	 23.663166242728 
39.000000000000 	 3.000000000000 	 25.307953367897 
39.000000000000 	 4.000000000000 	 26.268833376859 
39.000000000000 	 5.000000000000 	 26.892799161203 
39.000000000000 	 6.000000000000 	 27.329377695151 
39.000000000000 	 7.000000000000 	 27.651348379299 
39.000000000000 	 8.000000000000 	 27.897930967149 
39.000000000000 	 9.000000000000 	 28.092052026033 
39.000000000000 	 10.000000000000 	 28.247999633141 
39.000000000000 	 11.000000000000 	 28.375138855168 
39.000000000000 	 12.000000000000 	 28.479858698194 
39.000000000000 	 13.000000000000 	 28.566659235502 
39.000000000000 	 14.000000000000 	 28.638791280067 
39.000000000000 	 15.000000000000 	 28.698649357852 
39.000000000000 	 16.000000000000 	 28.748021786492 
39.000000000000 	 17.000000000000 	 28.788254351732 
39.000000000000 	 18.000000000000 	 28.820359677309 
39.000000000000 	 19.000000000000 	 28.845091174334 
39.000000000000 	 20.000000000000 	 28.862992975516 
39.000000000000 	 21.000000000000 	 28.874432828258 
39.000000000000 	 22.000000000000 	 28.879622155441 
39.000000000000 	 23.000000000000 	 28.878625637278 
39.000000000000 	 24.000000000000 	 28.871361274456 
39.000000000000 	 25.000000000000 	 28.857590655920 
39.000000000000 	 26.000000000000 	 28.836897807258 
39.000000000000 	 27.000000000000 	 28.808653220858 
39.000000000000 	 28.000000000000 	 28.771956981496 
39.000000000000 	 29.000000000000 	 28.725550433904 
39.000000000000 	 30.000000000000 	 28.667677894895 
39.000000000000 	 31.000000000000 	 28.595864938280 
39.000000000000 	 32.000000000000 	 28.506549846912 
39.000000000000 	 33.000000000000 	 28.394441013580 
39.000000000000 	 34.000000000000 	 28.251326805181 
39.000000000000 	 35.000000000000 	 28.063700708184 
39.000000000000 	 36.000000000000 	 27.807576216658 
39.000000000000 	 37.000000000000 	 27.435919302210 
39.000000000000 	 38.000000000000 	 26.844501855442 
39.000000000000 	 39.000000000000 	 25.767764611073 

