1.000000000000 	 1.000000000000 	 27.240237073432 
1.000000000000 	 2.000000000000 	 31.582232906603 
1.000000000000 	 3.000000000000 	 33.783706845830 
1.000000000000 	 4.000000000000 	 35.073199477744 
1.000000000000 	 5.000000000000 	 35.913343085858 
1.000000000000 	 6.000000000000 	 36.503480779295 
1.000000000000 	 7.000000000000 	 36.940624243786 
1.000000000000 	 8.000000000000 	 37.277037681626 
1.000000000000 	 9.000000000000 	 37.543259876415 
1.000000000000 	 10.000000000000 	 37.758310647014 
1.000000000000 	 11.000000000000 	 37.934645082303 
1.000000000000 	 12.000000000000 	 38.080749796452 
1.000000000000 	 13.000000000000 	 38.202592803585 
1.000000000000 	 14.000000000000 	 38.304476821270 
1.000000000000 	 15.000000000000 	 38.389563663835 
1.000000000000 	 16.000000000000 	 38.460208117420 
1.000000000000 	 17.000000000000 	 38.518176606094 
1.000000000000 	 18.000000000000 	 38.564793430096 
1.000000000000 	 19.000000000000 	 38.601039745736 
1.000000000000 	 20.000000000000 	 38.627620483630 
1.000000000000 	 21.000000000000 	 38.645008495422 
1.000000000000 	 22.000000000000 	 38.653471534051 
1.000000000000 	 23.000000000000 	 38.653085200850 
1.000000000000 	 24.000000000000 	 38.643733137263 
1.000000000000 	 25.000000000000 	 38.625094091882 
1.000000000000 	 26.000000000000 	 38.596613699003 
1.000000000000 	 27.000000000000 	 38.557456440330 
1.000000000000 	 28.000000000000 	 38.506429679895 
1.000000000000 	 29.000000000000 	 38.441865707520 
1.000000000000 	 30.000000000000 	 38.361437135565 
1.000000000000 	 31.000000000000 	 38.261861028793 
1.000000000000 	 32.000000000000 	 38.138407236071 
1.000000000000 	 33.000000000000 	 37.984041309471 
1.000000000000 	 34.000000000000 	 37.787837373214 
1.000000000000 	 35.000000000000 	 37.531811376001 
1.000000000000 	 36.000000000000 	 37.184007350507 
1.000000000000 	 37.000000000000 	 36.681740473453 
1.000000000000 	 38.000000000000 	 35.886068118582 
1.000000000000 	 39.000000000000 	 34.442940256589 

2.000000000000 	 1.000000000000 	 20.353595281395 
2.000000000000 	 2.000000000000 	 25.305026187866 
2.000000000000 	 3.000000000000 	 28.479443745953 
2.000000000000 	 4.000000000000 	 30.595806803415 
2.000000000000 	 5.000000000000 	 32.076760759456 
2.000000000000 	 6.000000000000 	 33.160034043132 
2.000000000000 	 7.000000000000 	 33.982066048778 
2.000000000000 	 8.000000000000 	 34.624363080257 
2.000000000000 	 9.000000000000 	 35.137796216160 
2.000000000000 	 10.000000000000 	 35.555450826237 
2.000000000000 	 11.000000000000 	 35.899640801362 
2.000000000000 	 12.000000000000 	 36.185889465291 
2.000000000000 	 13.000000000000 	 36.425279514696 
2.000000000000 	 14.000000000000 	 36.625891965240 
2.000000000000 	 15.000000000000 	 36.793716546393 
2.000000000000 	 16.000000000000 	 36.933244142327 
2.000000000000 	 17.000000000000 	 37.047861343153 
2.000000000000 	 18.000000000000 	 37.140117751942 
2.000000000000 	 19.000000000000 	 37.211908747937 
2.000000000000 	 20.000000000000 	 37.264600032919 
2.000000000000 	 21.000000000000 	 37.299110319632 
2.000000000000 	 22.000000000000 	 37.315962159089 
2.000000000000 	 23.000000000000 	 37.315306557004 
2.000000000000 	 24.000000000000 	 37.296923726529 
2.000000000000 	 25.000000000000 	 37.260199386170 
2.000000000000 	 26.000000000000 	 37.204072845236 
2.000000000000 	 27.000000000000 	 37.126949037198 
2.000000000000 	 28.000000000000 	 37.026560654159 
2.000000000000 	 29.000000000000 	 36.899756889028 
2.000000000000 	 30.000000000000 	 36.742178849120 
2.000000000000 	 31.000000000000 	 36.547752347134 
2.000000000000 	 32.000000000000 	 36.307874178938 
2.000000000000 	 33.000000000000 	 36.010062599242 
2.000000000000 	 34.000000000000 	 35.635632625881 
2.000000000000 	 35.000000000000 	 35.155529920615 
2.000000000000 	 36.000000000000 	 34.522599514606 
2.000000000000 	 37.000000000000 	 33.657000736129 
2.000000000000 	 38.000000000000 	 32.419697962381 
2.000000000000 	 39.000000000000 	 30.574026751597 

3.000000000000 	 1.000000000000 	 16.148176770678 
3.000000000000 	 2.000000000000 	 20.804909541665 
3.000000000000 	 3.000000000000 	 24.233332340069 
3.000000000000 	 4.000000000000 	 26.753940516029 
3.000000000000 	 5.000000000000 	 28.637996028088 
3.000000000000 	 6.000000000000 	 30.077984613639 
3.000000000000 	 7.000000000000 	 31.203417357277 
3.000000000000 	 8.000000000000 	 32.100744727483 
3.000000000000 	 9.000000000000 	 32.828320512303 
3.000000000000 	 10.000000000000 	 33.426281336203 
3.000000000000 	 11.000000000000 	 33.922818917242 
3.000000000000 	 12.000000000000 	 34.338143289089 
3.000000000000 	 13.000000000000 	 34.687012828873 
3.000000000000 	 14.000000000000 	 34.980376403393 
3.000000000000 	 15.000000000000 	 35.226459168253 
3.000000000000 	 16.000000000000 	 35.431493510569 
3.000000000000 	 17.000000000000 	 35.600218840009 
3.000000000000 	 18.000000000000 	 35.736227264378 
3.000000000000 	 19.000000000000 	 35.842203809293 
3.000000000000 	 20.000000000000 	 35.920092233878 
3.000000000000 	 21.000000000000 	 35.971206264209 
3.000000000000 	 22.000000000000 	 35.996298617441 
3.000000000000 	 23.000000000000 	 35.995594940481 
3.000000000000 	 24.000000000000 	 35.968795714920 
3.000000000000 	 25.000000000000 	 35.915045543461 
3.000000000000 	 26.000000000000 	 35.832865381914 
3.000000000000 	 27.000000000000 	 35.720038490966 
3.000000000000 	 28.000000000000 	 35.573434163589 
3.000000000000 	 29.000000000000 	 35.388743102123 
3.000000000000 	 30.000000000000 	 35.160082142714 
3.000000000000 	 31.000000000000 	 34.879399597878 
3.000000000000 	 32.000000000000 	 34.535568769155 
3.000000000000 	 33.000000000000 	 34.112985348522 
3.000000000000 	 34.000000000000 	 33.589371409947 
3.000000000000 	 35.000000000000 	 32.932333650317 
3.000000000000 	 36.000000000000 	 32.094103223173 
3.000000000000 	 37.000000000000 	 31.004192912004 
3.000000000000 	 38.000000000000 	 29.561908024427 
3.000000000000 	 39.000000000000 	 27.639093837607 

4.000000000000 	 1.000000000000 	 13.341675282301 
4.000000000000 	 2.000000000000 	 17.533217362524 
4.000000000000 	 3.000000000000 	 20.895180597062 
4.000000000000 	 4.000000000000 	 23.548801916240 
4.000000000000 	 5.000000000000 	 25.643502551188 
4.000000000000 	 6.000000000000 	 27.310723865619 
4.000000000000 	 7.000000000000 	 28.653134487125 
4.000000000000 	 8.000000000000 	 29.747165006067 
4.000000000000 	 9.000000000000 	 30.648772299953 
4.000000000000 	 10.000000000000 	 31.398871891993 
4.000000000000 	 11.000000000000 	 32.027570011332 
4.000000000000 	 12.000000000000 	 32.557233284696 
4.000000000000 	 13.000000000000 	 33.004653539878 
4.000000000000 	 14.000000000000 	 33.382561617854 
4.000000000000 	 15.000000000000 	 33.700687085865 
4.000000000000 	 16.000000000000 	 33.966503977478 
4.000000000000 	 17.000000000000 	 34.185758787466 
4.000000000000 	 18.000000000000 	 34.362845856617 
4.000000000000 	 19.000000000000 	 34.501073996167 
4.000000000000 	 20.000000000000 	 34.602853751260 
4.000000000000 	 21.000000000000 	 34.669824806610 
4.000000000000 	 22.000000000000 	 34.702936083732 
4.000000000000 	 23.000000000000 	 34.702485950199 
4.000000000000 	 24.000000000000 	 34.668125861613 
4.000000000000 	 25.000000000000 	 34.598827072489 
4.000000000000 	 26.000000000000 	 34.492806240590 
4.000000000000 	 27.000000000000 	 34.347401241229 
4.000000000000 	 28.000000000000 	 34.158882613491 
4.000000000000 	 29.000000000000 	 33.922177874478 
4.000000000000 	 30.000000000000 	 33.630474283697 
4.000000000000 	 31.000000000000 	 33.274649185088 
4.000000000000 	 32.000000000000 	 32.842455035710 
4.000000000000 	 33.000000000000 	 32.317361031315 
4.000000000000 	 34.000000000000 	 31.676938125717 
4.000000000000 	 35.000000000000 	 30.890714288152 
4.000000000000 	 36.000000000000 	 29.917649698259 
4.000000000000 	 37.000000000000 	 28.704099783316 
4.000000000000 	 38.000000000000 	 27.184963424135 
4.000000000000 	 39.000000000000 	 25.294282365054 

5.000000000000 	 1.000000000000 	 11.346870481025 
5.000000000000 	 2.000000000000 	 15.091255587860 
5.000000000000 	 3.000000000000 	 18.265562762545 
5.000000000000 	 4.000000000000 	 20.902815683299 
5.000000000000 	 5.000000000000 	 23.076758868108 
5.000000000000 	 6.000000000000 	 24.868582025241 
5.000000000000 	 7.000000000000 	 26.351576480032 
5.000000000000 	 8.000000000000 	 27.586388478613 
5.000000000000 	 9.000000000000 	 28.621145492887 
5.000000000000 	 10.000000000000 	 29.493309753789 
5.000000000000 	 11.000000000000 	 30.231832185363 
5.000000000000 	 12.000000000000 	 30.859071086081 
5.000000000000 	 13.000000000000 	 31.392337811661 
5.000000000000 	 14.000000000000 	 31.845085361133 
5.000000000000 	 15.000000000000 	 32.227801878304 
5.000000000000 	 16.000000000000 	 32.548674961669 
5.000000000000 	 17.000000000000 	 32.814082728358 
5.000000000000 	 18.000000000000 	 33.028955058790 
5.000000000000 	 19.000000000000 	 33.197037226710 
5.000000000000 	 20.000000000000 	 33.321079107467 
5.000000000000 	 21.000000000000 	 33.402966206744 
5.000000000000 	 22.000000000000 	 33.443803410546 
5.000000000000 	 23.000000000000 	 33.443958144516 
5.000000000000 	 24.000000000000 	 33.403066116778 
5.000000000000 	 25.000000000000 	 33.319999628811 
5.000000000000 	 26.000000000000 	 33.192795235605 
5.000000000000 	 27.000000000000 	 33.018534000468 
5.000000000000 	 28.000000000000 	 32.793163423920 
5.000000000000 	 29.000000000000 	 32.511245112852 
5.000000000000 	 30.000000000000 	 32.165606457188 
5.000000000000 	 31.000000000000 	 31.746868862199 
5.000000000000 	 32.000000000000 	 31.242822382753 
5.000000000000 	 33.000000000000 	 30.637624775860 
5.000000000000 	 34.000000000000 	 29.910840703380 
5.000000000000 	 35.000000000000 	 29.036444305863 
5.000000000000 	 36.000000000000 	 27.982161853730 
5.000000000000 	 37.000000000000 	 26.710043321720 
5.000000000000 	 38.000000000000 	 25.179981870572 
5.000000000000 	 39.000000000000 	 23.358654899162 

6.000000000000 	 1.000000000000 	 9.862893890303 
6.000000000000 	 2.000000000000 	 13.219559433896 
6.000000000000 	 3.000000000000 	 16.173236943902 
6.000000000000 	 4.000000000000 	 18.720426099221 
6.000000000000 	 5.000000000000 	 20.892470163527 
6.000000000000 	 6.000000000000 	 22.735650576539 
6.000000000000 	 7.000000000000 	 24.298627876322 
6.000000000000 	 8.000000000000 	 25.626137484309 
6.000000000000 	 9.000000000000 	 26.756623764463 
6.000000000000 	 10.000000000000 	 27.721941559420 
6.000000000000 	 11.000000000000 	 28.547967652558 
6.000000000000 	 12.000000000000 	 29.255506185384 
6.000000000000 	 13.000000000000 	 29.861199318459 
6.000000000000 	 14.000000000000 	 30.378328579814 
6.000000000000 	 15.000000000000 	 30.817476262246 
6.000000000000 	 16.000000000000 	 31.187052357924 
6.000000000000 	 17.000000000000 	 31.493705265182 
6.000000000000 	 18.000000000000 	 31.742636688665 
6.000000000000 	 19.000000000000 	 31.937839082489 
6.000000000000 	 20.000000000000 	 32.082270561375 
6.000000000000 	 21.000000000000 	 32.177978651893 
6.000000000000 	 22.000000000000 	 32.226181007325 
6.000000000000 	 23.000000000000 	 32.227308342988 
6.000000000000 	 24.000000000000 	 32.181012295533 
6.000000000000 	 25.000000000000 	 32.086138552615 
6.000000000000 	 26.000000000000 	 31.940663323476 
6.000000000000 	 27.000000000000 	 31.741588954816 
6.000000000000 	 28.000000000000 	 31.484792276031 
6.000000000000 	 29.000000000000 	 31.164817355949 
6.000000000000 	 30.000000000000 	 30.774603543391 
6.000000000000 	 31.000000000000 	 30.305141743271 
6.000000000000 	 32.000000000000 	 29.745060639747 
6.000000000000 	 33.000000000000 	 29.080167443569 
6.000000000000 	 34.000000000000 	 28.293018056755 
6.000000000000 	 35.000000000000 	 27.362690256313 
6.000000000000 	 36.000000000000 	 26.265104955248 
6.000000000000 	 37.000000000000 	 24.974487329728 
6.000000000000 	 38.000000000000 	 23.466783912862 
6.000000000000 	 39.000000000000 	 21.725691138044 

7.000000000000 	 1.000000000000 	 8.720999358309 
7.000000000000 	 2.000000000000 	 11.751073974496 
7.000000000000 	 3.000000000000 	 14.487681544593 
7.000000000000 	 4.000000000000 	 16.913521980191 
7.000000000000 	 5.000000000000 	 19.037442473193 
7.000000000000 	 6.000000000000 	 20.883375051416 
7.000000000000 	 7.000000000000 	 22.481653465591 
7.000000000000 	 8.000000000000 	 23.863468045084 
7.000000000000 	 9.000000000000 	 25.057878309209 
7.000000000000 	 10.000000000000 	 26.090520058090 
7.000000000000 	 11.000000000000 	 26.983290334088 
7.000000000000 	 12.000000000000 	 27.754528287726 
7.000000000000 	 13.000000000000 	 28.419405373453 
7.000000000000 	 14.000000000000 	 28.990370099641 
7.000000000000 	 15.000000000000 	 29.477571833882 
7.000000000000 	 16.000000000000 	 29.889232127931 
7.000000000000 	 17.000000000000 	 30.231954646679 
7.000000000000 	 18.000000000000 	 30.510975374591 
7.000000000000 	 19.000000000000 	 30.730358947375 
7.000000000000 	 20.000000000000 	 30.893147894212 
7.000000000000 	 21.000000000000 	 31.001470988273 
7.000000000000 	 22.000000000000 	 31.056615669834 
7.000000000000 	 23.000000000000 	 31.059068054268 
7.000000000000 	 24.000000000000 	 31.008522561517 
7.000000000000 	 25.000000000000 	 30.903861794080 
7.000000000000 	 26.000000000000 	 30.743106013624 
7.000000000000 	 27.000000000000 	 30.523330533807 
7.000000000000 	 28.000000000000 	 30.240548799605 
7.000000000000 	 29.000000000000 	 29.889559359103 
7.000000000000 	 30.000000000000 	 29.463757316059 
7.000000000000 	 31.000000000000 	 28.954916937945 
7.000000000000 	 32.000000000000 	 28.352964890564 
7.000000000000 	 33.000000000000 	 27.645787786639 
7.000000000000 	 34.000000000000 	 26.819159710328 
7.000000000000 	 35.000000000000 	 25.856940952093 
7.000000000000 	 36.000000000000 	 24.741786090115 
7.000000000000 	 37.000000000000 	 23.456678569159 
7.000000000000 	 38.000000000000 	 21.987589922864 
7.000000000000 	 39.000000000000 	 20.327262832173 

8.000000000000 	 1.000000000000 	 7.819591868056 
8.000000000000 	 2.000000000000 	 10.576311821602 
8.000000000000 	 3.000000000000 	 13.113217907863 
8.000000000000 	 4.000000000000 	 15.408929540085 
8.000000000000 	 5.000000000000 	 17.460860022484 
8.000000000000 	 6.000000000000 	 19.279274829569 
8.000000000000 	 7.000000000000 	 20.881725821531 
8.000000000000 	 8.000000000000 	 22.288845384715 
8.000000000000 	 9.000000000000 	 23.521600872108 
8.000000000000 	 10.000000000000 	 24.599723858749 
8.000000000000 	 11.000000000000 	 25.540950569483 
8.000000000000 	 12.000000000000 	 26.360764768876 
8.000000000000 	 13.000000000000 	 27.072422268197 
8.000000000000 	 14.000000000000 	 27.687114576663 
8.000000000000 	 15.000000000000 	 28.214186651055 
8.000000000000 	 16.000000000000 	 28.661361527245 
8.000000000000 	 17.000000000000 	 29.034947798474 
8.000000000000 	 18.000000000000 	 29.340019280806 
8.000000000000 	 19.000000000000 	 29.580563448466 
8.000000000000 	 20.000000000000 	 29.759598809787 
8.000000000000 	 21.000000000000 	 29.879262893031 
8.000000000000 	 22.000000000000 	 29.940872865731 
8.000000000000 	 23.000000000000 	 29.944960578956 
8.000000000000 	 24.000000000000 	 29.891283340035 
8.000000000000 	 25.000000000000 	 29.778811188832 
8.000000000000 	 26.000000000000 	 29.605691062790 
8.000000000000 	 27.000000000000 	 29.369188196341 
8.000000000000 	 28.000000000000 	 29.065605728233 
8.000000000000 	 29.000000000000 	 28.690185299887 
8.000000000000 	 30.000000000000 	 28.236995244962 
8.000000000000 	 31.000000000000 	 27.698820057934 
8.000000000000 	 32.000000000000 	 27.067076952403 
8.000000000000 	 33.000000000000 	 26.331804548501 
8.000000000000 	 34.000000000000 	 25.481796522331 
8.000000000000 	 35.000000000000 	 24.504987755219 
8.000000000000 	 36.000000000000 	 23.389232084016 
8.000000000000 	 37.000000000000 	 22.123612185021 
8.000000000000 	 38.000000000000 	 20.700341731363 
8.000000000000 	 39.000000000000 	 19.117091138198 

9.000000000000 	 1.000000000000 	 7.094021625987 
9.000000000000 	 2.000000000000 	 9.621651815700 
9.000000000000 	 3.000000000000 	 11.980313914964 
9.000000000000 	 4.000000000000 	 14.148558932899 
9.000000000000 	 5.000000000000 	 16.118307713874 
9.000000000000 	 6.000000000000 	 17.891724677512 
9.000000000000 	 7.000000000000 	 19.477785374570 
9.000000000000 	 8.000000000000 	 20.889309538317 
9.000000000000 	 9.000000000000 	 22.140742840332 
9.000000000000 	 10.000000000000 	 23.246671954048 
9.000000000000 	 11.000000000000 	 24.220929159992 
9.000000000000 	 12.000000000000 	 25.076118105689 
9.000000000000 	 13.000000000000 	 25.823415097536 
9.000000000000 	 14.000000000000 	 26.472536700019 
9.000000000000 	 15.000000000000 	 27.031798646842 
9.000000000000 	 16.000000000000 	 27.508217814917 
9.000000000000 	 17.000000000000 	 27.907627912134 
9.000000000000 	 18.000000000000 	 28.234792019730 
9.000000000000 	 19.000000000000 	 28.493502961031 
9.000000000000 	 20.000000000000 	 28.686667142323 
9.000000000000 	 21.000000000000 	 28.816370150677 
9.000000000000 	 22.000000000000 	 28.883923778409 
9.000000000000 	 23.000000000000 	 28.889894800309 
9.000000000000 	 24.000000000000 	 28.834116114668 
9.000000000000 	 25.000000000000 	 28.715681032689 
9.000000000000 	 26.000000000000 	 28.532921786376 
9.000000000000 	 27.000000000000 	 28.283373960898 
9.000000000000 	 28.000000000000 	 27.963729846655 
9.000000000000 	 29.000000000000 	 27.569786063783 
9.000000000000 	 30.000000000000 	 27.096394800656 
9.000000000000 	 31.000000000000 	 26.537434331891 
9.000000000000 	 32.000000000000 	 25.885823860543 
9.000000000000 	 33.000000000000 	 25.133620510910 
9.000000000000 	 34.000000000000 	 24.272251564541 
9.000000000000 	 35.000000000000 	 23.292948921982 
9.000000000000 	 36.000000000000 	 22.187455988740 
9.000000000000 	 37.000000000000 	 20.949052723630 
9.000000000000 	 38.000000000000 	 19.573869416127 
9.000000000000 	 39.000000000000 	 18.062318251159 

10.000000000000 	 1.000000000000 	 6.501311611367 
10.000000000000 	 2.000000000000 	 8.836278421668 
10.000000000000 	 3.000000000000 	 11.038230503078 
10.000000000000 	 4.000000000000 	 13.087171475221 
10.000000000000 	 5.000000000000 	 14.972655659044 
10.000000000000 	 6.000000000000 	 16.692178547198 
10.000000000000 	 7.000000000000 	 18.249106022005 
10.000000000000 	 8.000000000000 	 19.650663110005 
10.000000000000 	 9.000000000000 	 20.906258450918 
10.000000000000 	 10.000000000000 	 22.026228936471 
10.000000000000 	 11.000000000000 	 23.020976881218 
10.000000000000 	 12.000000000000 	 23.900424276169 
10.000000000000 	 13.000000000000 	 24.673700091111 
10.000000000000 	 14.000000000000 	 25.348986818144 
10.000000000000 	 15.000000000000 	 25.933468794212 
10.000000000000 	 16.000000000000 	 26.433340867403 
10.000000000000 	 17.000000000000 	 26.853849154099 
10.000000000000 	 18.000000000000 	 27.199345487116 
10.000000000000 	 19.000000000000 	 27.473344072648 
10.000000000000 	 20.000000000000 	 27.678573511719 
10.000000000000 	 21.000000000000 	 27.817020340740 
10.000000000000 	 22.000000000000 	 27.889962135269 
10.000000000000 	 23.000000000000 	 27.897989409416 
10.000000000000 	 24.000000000000 	 27.841016340760 
10.000000000000 	 25.000000000000 	 27.718281002875 
10.000000000000 	 26.000000000000 	 27.528336510060 
10.000000000000 	 27.000000000000 	 27.269035487357 
10.000000000000 	 28.000000000000 	 26.937511814440 
10.000000000000 	 29.000000000000 	 26.530165934486 
10.000000000000 	 30.000000000000 	 26.042663475757 
10.000000000000 	 31.000000000000 	 25.469961773946 
10.000000000000 	 32.000000000000 	 24.806385171375 
10.000000000000 	 33.000000000000 	 24.045777222026 
10.000000000000 	 34.000000000000 	 23.181764530969 
10.000000000000 	 35.000000000000 	 22.208169329420 
10.000000000000 	 36.000000000000 	 21.119599757428 
10.000000000000 	 37.000000000000 	 19.912219509215 
10.000000000000 	 38.000000000000 	 18.584644171137 
10.000000000000 	 39.000000000000 	 17.138831947262 

11.000000000000 	 1.000000000000 	 6.011879571900 
11.000000000000 	 2.000000000000 	 8.184266555629 
11.000000000000 	 3.000000000000 	 10.249597522017 
11.000000000000 	 4.000000000000 	 12.189770945509 
11.000000000000 	 5.000000000000 	 13.993583800948 
11.000000000000 	 6.000000000000 	 15.655933091774 
11.000000000000 	 7.000000000000 	 17.176585942382 
11.000000000000 	 8.000000000000 	 18.558847879330 
11.000000000000 	 9.000000000000 	 19.808345559278 
11.000000000000 	 10.000000000000 	 20.932028622154 
11.000000000000 	 11.000000000000 	 21.937414877941 
11.000000000000 	 12.000000000000 	 22.832057089212 
11.000000000000 	 13.000000000000 	 23.623190092449 
11.000000000000 	 14.000000000000 	 24.317513749094 
11.000000000000 	 15.000000000000 	 24.921072115601 
11.000000000000 	 16.000000000000 	 25.439197055832 
11.000000000000 	 17.000000000000 	 25.876492468183 
11.000000000000 	 18.000000000000 	 26.236842122401 
11.000000000000 	 19.000000000000 	 26.523429449601 
11.000000000000 	 20.000000000000 	 26.738761590243 
11.000000000000 	 21.000000000000 	 26.884692833764 
11.000000000000 	 22.000000000000 	 26.962444569529 
11.000000000000 	 23.000000000000 	 26.972620278835 
11.000000000000 	 24.000000000000 	 26.915215161784 
11.000000000000 	 25.000000000000 	 26.789620908409 
11.000000000000 	 26.000000000000 	 26.594627067174 
11.000000000000 	 27.000000000000 	 26.328421603959 
11.000000000000 	 28.000000000000 	 25.988594746501 
11.000000000000 	 29.000000000000 	 25.572152229594 
11.000000000000 	 30.000000000000 	 25.075546711387 
11.000000000000 	 31.000000000000 	 24.494739423522 
11.000000000000 	 32.000000000000 	 23.825307797822 
11.000000000000 	 33.000000000000 	 23.062618154403 
11.000000000000 	 34.000000000000 	 22.202084042576 
11.000000000000 	 35.000000000000 	 21.239527956481 
11.000000000000 	 36.000000000000 	 20.171653358625 
11.000000000000 	 37.000000000000 	 18.996611591349 
11.000000000000 	 38.000000000000 	 17.714613079434 
11.000000000000 	 39.000000000000 	 16.328489672287 

12.000000000000 	 1.000000000000 	 5.604787383551 
12.000000000000 	 2.000000000000 	 7.639683645330 
12.000000000000 	 3.000000000000 	 9.586594518411 
12.000000000000 	 4.000000000000 	 11.429301081722 
12.000000000000 	 5.000000000000 	 13.156641056979 
12.000000000000 	 6.000000000000 	 14.762142495806 
12.000000000000 	 7.000000000000 	 16.243305123288 
12.000000000000 	 8.000000000000 	 17.600731889328 
12.000000000000 	 9.000000000000 	 18.837265278428 
12.000000000000 	 10.000000000000 	 19.957222170117 
12.000000000000 	 11.000000000000 	 20.965768780804 
12.000000000000 	 12.000000000000 	 21.868441233406 
12.000000000000 	 13.000000000000 	 22.670797007796 
12.000000000000 	 14.000000000000 	 23.378173911197 
12.000000000000 	 15.000000000000 	 23.995531873365 
12.000000000000 	 16.000000000000 	 24.527355333601 
12.000000000000 	 17.000000000000 	 24.977597943740 
12.000000000000 	 18.000000000000 	 25.349655450833 
12.000000000000 	 19.000000000000 	 25.646356316165 
12.000000000000 	 20.000000000000 	 25.869962656607 
12.000000000000 	 21.000000000000 	 26.022176464132 
12.000000000000 	 22.000000000000 	 26.104147874612 
12.000000000000 	 23.000000000000 	 26.116483658878 
12.000000000000 	 24.000000000000 	 26.059255242357 
12.000000000000 	 25.000000000000 	 25.932006561777 
12.000000000000 	 26.000000000000 	 25.733763064321 
12.000000000000 	 27.000000000000 	 25.463044260498 
12.000000000000 	 28.000000000000 	 25.117883553659 
12.000000000000 	 29.000000000000 	 24.695860650887 
12.000000000000 	 30.000000000000 	 24.194153710886 
12.000000000000 	 31.000000000000 	 23.609620378728 
12.000000000000 	 32.000000000000 	 22.938918654608 
12.000000000000 	 33.000000000000 	 22.178679472992 
12.000000000000 	 34.000000000000 	 21.325741822338 
12.000000000000 	 35.000000000000 	 20.377456667322 
12.000000000000 	 36.000000000000 	 19.332056132267 
12.000000000000 	 37.000000000000 	 18.189068274607 
12.000000000000 	 38.000000000000 	 16.949736302602 
12.000000000000 	 39.000000000000 	 15.617379138512 

13.000000000000 	 1.000000000000 	 5.264883584704 
13.000000000000 	 2.000000000000 	 7.183482901893 
13.000000000000 	 3.000000000000 	 9.028298459102 
13.000000000000 	 4.000000000000 	 10.784804346878 
13.000000000000 	 5.000000000000 	 12.442244943631 
13.000000000000 	 6.000000000000 	 13.993497611717 
13.000000000000 	 7.000000000000 	 15.434662742345 
13.000000000000 	 8.000000000000 	 16.764504027962 
13.000000000000 	 9.000000000000 	 17.983844563073 
13.000000000000 	 10.000000000000 	 19.094993182577 
13.000000000000 	 11.000000000000 	 20.101243613619 
13.000000000000 	 12.000000000000 	 21.006463580574 
13.000000000000 	 13.000000000000 	 21.814773946665 
13.000000000000 	 14.000000000000 	 22.530308399994 
13.000000000000 	 15.000000000000 	 23.157040107845 
13.000000000000 	 16.000000000000 	 23.698661155148 
13.000000000000 	 17.000000000000 	 24.158501860452 
13.000000000000 	 18.000000000000 	 24.539479148665 
13.000000000000 	 19.000000000000 	 24.844065413720 
13.000000000000 	 20.000000000000 	 25.074271398110 
13.000000000000 	 21.000000000000 	 25.231638421640 
13.000000000000 	 22.000000000000 	 25.317236795527 
13.000000000000 	 23.000000000000 	 25.331668506460 
13.000000000000 	 24.000000000000 	 25.275073320760 
13.000000000000 	 25.000000000000 	 25.147138421348 
13.000000000000 	 26.000000000000 	 24.947112626289 
13.000000000000 	 27.000000000000 	 24.673827212538 
13.000000000000 	 28.000000000000 	 24.325726425557 
13.000000000000 	 29.000000000000 	 23.900911900004 
13.000000000000 	 30.000000000000 	 23.397206388916 
13.000000000000 	 31.000000000000 	 22.812243235427 
13.000000000000 	 32.000000000000 	 22.143588606613 
13.000000000000 	 33.000000000000 	 21.388903132775 
13.000000000000 	 34.000000000000 	 20.546147543298 
13.000000000000 	 35.000000000000 	 19.613832335877 
13.000000000000 	 36.000000000000 	 18.591303790062 
13.000000000000 	 37.000000000000 	 17.479047747458 
13.000000000000 	 38.000000000000 	 16.278979942255 
13.000000000000 	 39.000000000000 	 14.994680712749 

14.000000000000 	 1.000000000000 	 4.981016798144 
14.000000000000 	 2.000000000000 	 6.801484089859 
14.000000000000 	 3.000000000000 	 8.558841804514 
14.000000000000 	 4.000000000000 	 10.240012147071 
14.000000000000 	 5.000000000000 	 11.834783031760 
14.000000000000 	 6.000000000000 	 13.335790671622 
14.000000000000 	 7.000000000000 	 14.738295447739 
14.000000000000 	 8.000000000000 	 16.039825303252 
14.000000000000 	 9.000000000000 	 17.239757227660 
14.000000000000 	 10.000000000000 	 18.338892498525 
14.000000000000 	 11.000000000000 	 19.339062905124 
14.000000000000 	 12.000000000000 	 20.242788306586 
14.000000000000 	 13.000000000000 	 21.052992958197 
14.000000000000 	 14.000000000000 	 21.772779490375 
14.000000000000 	 15.000000000000 	 22.405254607287 
14.000000000000 	 16.000000000000 	 22.953398484469 
14.000000000000 	 17.000000000000 	 23.419969519411 
14.000000000000 	 18.000000000000 	 23.807436762036 
14.000000000000 	 19.000000000000 	 24.117933494817 
14.000000000000 	 20.000000000000 	 24.353226718756 
14.000000000000 	 21.000000000000 	 24.514698555777 
14.000000000000 	 22.000000000000 	 24.603336723955 
14.000000000000 	 23.000000000000 	 24.619732264734 
14.000000000000 	 24.000000000000 	 24.564083619134 
14.000000000000 	 25.000000000000 	 24.436206996303 
14.000000000000 	 26.000000000000 	 24.235553787834 
14.000000000000 	 27.000000000000 	 23.961236581597 
14.000000000000 	 28.000000000000 	 23.612066126055 
14.000000000000 	 29.000000000000 	 23.186602362974 
14.000000000000 	 30.000000000000 	 22.683223303481 
14.000000000000 	 31.000000000000 	 22.100215916574 
14.000000000000 	 32.000000000000 	 21.435893084162 
14.000000000000 	 33.000000000000 	 20.688739708577 
14.000000000000 	 34.000000000000 	 19.857588826995 
14.000000000000 	 35.000000000000 	 18.941824715748 
14.000000000000 	 36.000000000000 	 17.941604310678 
14.000000000000 	 37.000000000000 	 16.858081209300 
14.000000000000 	 38.000000000000 	 15.693609282294 
14.000000000000 	 39.000000000000 	 14.451897705337 

15.000000000000 	 1.000000000000 	 4.744882726643 
15.000000000000 	 2.000000000000 	 6.483031841180 
15.000000000000 	 3.000000000000 	 8.166126091802 
15.000000000000 	 4.000000000000 	 9.782287410783 
15.000000000000 	 5.000000000000 	 11.321864214728 
15.000000000000 	 6.000000000000 	 12.777475264323 
15.000000000000 	 7.000000000000 	 14.143897114459 
15.000000000000 	 8.000000000000 	 15.417840066046 
15.000000000000 	 9.000000000000 	 16.597659368262 
15.000000000000 	 10.000000000000 	 17.683042140583 
15.000000000000 	 11.000000000000 	 18.674700317194 
15.000000000000 	 12.000000000000 	 19.574089225971 
15.000000000000 	 13.000000000000 	 20.383162216298 
15.000000000000 	 14.000000000000 	 21.104164865226 
15.000000000000 	 15.000000000000 	 21.739467742227 
15.000000000000 	 16.000000000000 	 22.291434113045 
15.000000000000 	 17.000000000000 	 22.762317798915 
15.000000000000 	 18.000000000000 	 23.154186195948 
15.000000000000 	 19.000000000000 	 23.468863817173 
15.000000000000 	 20.000000000000 	 23.707892375139 
15.000000000000 	 21.000000000000 	 23.872504202025 
15.000000000000 	 22.000000000000 	 23.963606607310 
15.000000000000 	 23.000000000000 	 23.981775551492 
15.000000000000 	 24.000000000000 	 23.927257751191 
15.000000000000 	 25.000000000000 	 23.799981025977 
15.000000000000 	 26.000000000000 	 23.599573354722 
15.000000000000 	 27.000000000000 	 23.325391728413 
15.000000000000 	 28.000000000000 	 22.976562451051 
15.000000000000 	 29.000000000000 	 22.552035009069 
15.000000000000 	 30.000000000000 	 22.050651924730 
15.000000000000 	 31.000000000000 	 21.471237006789 
15.000000000000 	 32.000000000000 	 20.812703940124 
15.000000000000 	 33.000000000000 	 20.074186006289 
15.000000000000 	 34.000000000000 	 19.255185692633 
15.000000000000 	 35.000000000000 	 18.355739904606 
15.000000000000 	 36.000000000000 	 17.376592526100 
15.000000000000 	 37.000000000000 	 16.319361614904 
15.000000000000 	 38.000000000000 	 15.186684482948 
15.000000000000 	 39.000000000000 	 13.982321635352 

16.000000000000 	 1.000000000000 	 4.550261027746 
16.000000000000 	 2.000000000000 	 6.220087563216 
16.000000000000 	 3.000000000000 	 7.840917301798 
16.000000000000 	 4.000000000000 	 9.401839838032 
16.000000000000 	 5.000000000000 	 10.893719770870 
16.000000000000 	 6.000000000000 	 12.309270508700 
16.000000000000 	 7.000000000000 	 13.643008390794 
16.000000000000 	 8.000000000000 	 14.891114449890 
16.000000000000 	 9.000000000000 	 16.051234864672 
16.000000000000 	 10.000000000000 	 17.122249261121 
16.000000000000 	 11.000000000000 	 18.104030767007 
16.000000000000 	 12.000000000000 	 18.997215198910 
16.000000000000 	 13.000000000000 	 19.802990463384 
16.000000000000 	 14.000000000000 	 20.522912011348 
16.000000000000 	 15.000000000000 	 21.158746289660 
16.000000000000 	 16.000000000000 	 21.712341536011 
16.000000000000 	 17.000000000000 	 22.185523743010 
16.000000000000 	 18.000000000000 	 22.580014904849 
16.000000000000 	 19.000000000000 	 22.897370504190 
16.000000000000 	 20.000000000000 	 23.138933395094 
16.000000000000 	 21.000000000000 	 23.305801641391 
16.000000000000 	 22.000000000000 	 23.398808378767 
16.000000000000 	 23.000000000000 	 23.418512319967 
16.000000000000 	 24.000000000000 	 23.365198078714 
16.000000000000 	 25.000000000000 	 23.238886027109 
16.000000000000 	 26.000000000000 	 23.039351907087 
16.000000000000 	 27.000000000000 	 22.766156870459 
16.000000000000 	 28.000000000000 	 22.418688995732 
16.000000000000 	 29.000000000000 	 21.996217578421 
16.000000000000 	 30.000000000000 	 21.497961548043 
16.000000000000 	 31.000000000000 	 20.923173138636 
16.000000000000 	 32.000000000000 	 20.271237320371 
16.000000000000 	 33.000000000000 	 19.541786374679 
16.000000000000 	 34.000000000000 	 18.734827282579 
16.000000000000 	 35.000000000000 	 17.850877299123 
16.000000000000 	 36.000000000000 	 16.891100365562 
16.000000000000 	 37.000000000000 	 15.857434247220 
16.000000000000 	 38.000000000000 	 14.752696107238 
16.000000000000 	 39.000000000000 	 13.580653433055 

17.000000000000 	 1.000000000000 	 4.392500863057 
17.000000000000 	 2.000000000000 	 6.006606515718 
17.000000000000 	 3.000000000000 	 7.576206587432 
17.000000000000 	 4.000000000000 	 9.091147889357 
17.000000000000 	 5.000000000000 	 10.542736923938 
17.000000000000 	 6.000000000000 	 11.923827162777 
17.000000000000 	 7.000000000000 	 13.228812516466 
17.000000000000 	 8.000000000000 	 14.453543860923 
17.000000000000 	 9.000000000000 	 15.595189582845 
17.000000000000 	 10.000000000000 	 16.652061357734 
17.000000000000 	 11.000000000000 	 17.623423936629 
17.000000000000 	 12.000000000000 	 18.509303861059 
17.000000000000 	 13.000000000000 	 19.310307799864 
17.000000000000 	 14.000000000000 	 20.027457309189 
17.000000000000 	 15.000000000000 	 20.662043625948 
17.000000000000 	 16.000000000000 	 21.215503729050 
17.000000000000 	 17.000000000000 	 21.689317295968 
17.000000000000 	 18.000000000000 	 22.084923219962 
17.000000000000 	 19.000000000000 	 22.403653886829 
17.000000000000 	 20.000000000000 	 22.646685299439 
17.000000000000 	 21.000000000000 	 22.815001266701 
17.000000000000 	 22.000000000000 	 22.909370151126 
17.000000000000 	 23.000000000000 	 22.930333030276 
17.000000000000 	 24.000000000000 	 22.878202524976 
17.000000000000 	 25.000000000000 	 22.753071946816 
17.000000000000 	 26.000000000000 	 22.554834790191 
17.000000000000 	 27.000000000000 	 22.283214911242 
17.000000000000 	 28.000000000000 	 21.937807963660 
17.000000000000 	 29.000000000000 	 21.518134756327 
17.000000000000 	 30.000000000000 	 21.023707106581 
17.000000000000 	 31.000000000000 	 20.454106422458 
17.000000000000 	 32.000000000000 	 19.809074593125 
17.000000000000 	 33.000000000000 	 19.088615748098 
17.000000000000 	 34.000000000000 	 18.293106050951 
17.000000000000 	 35.000000000000 	 17.423406983253 
17.000000000000 	 36.000000000000 	 16.480975719467 
17.000000000000 	 37.000000000000 	 15.467964495851 
17.000000000000 	 38.000000000000 	 14.387299759545 
17.000000000000 	 39.000000000000 	 13.242731821200 

18.000000000000 	 1.000000000000 	 4.268170675796 
18.000000000000 	 2.000000000000 	 5.838107933654 
18.000000000000 	 3.000000000000 	 7.366758755256 
18.000000000000 	 4.000000000000 	 8.844537204644 
18.000000000000 	 5.000000000000 	 10.263103925466 
18.000000000000 	 6.000000000000 	 11.615458509273 
18.000000000000 	 7.000000000000 	 12.895955451067 
18.000000000000 	 8.000000000000 	 14.100254478561 
18.000000000000 	 9.000000000000 	 15.225219978882 
18.000000000000 	 10.000000000000 	 16.268785478804 
18.000000000000 	 11.000000000000 	 17.229798245807 
18.000000000000 	 12.000000000000 	 18.107856838825 
18.000000000000 	 13.000000000000 	 18.903151580875 
18.000000000000 	 14.000000000000 	 19.616315015687 
18.000000000000 	 15.000000000000 	 20.248286810024 
18.000000000000 	 16.000000000000 	 20.800195454817 
18.000000000000 	 17.000000000000 	 21.273257549963 
18.000000000000 	 18.000000000000 	 21.668694394164 
18.000000000000 	 19.000000000000 	 21.987664964127 
18.000000000000 	 20.000000000000 	 22.231214064789 
18.000000000000 	 21.000000000000 	 22.400234375283 
18.000000000000 	 22.000000000000 	 22.495441227221 
18.000000000000 	 23.000000000000 	 22.517359169828 
18.000000000000 	 24.000000000000 	 22.466319650195 
18.000000000000 	 25.000000000000 	 22.342469425749 
18.000000000000 	 26.000000000000 	 22.145789594489 
18.000000000000 	 27.000000000000 	 21.876125342778 
18.000000000000 	 28.000000000000 	 21.533226634865 
18.000000000000 	 29.000000000000 	 21.116800063733 
18.000000000000 	 30.000000000000 	 20.626571906779 
18.000000000000 	 31.000000000000 	 20.062362039954 
18.000000000000 	 32.000000000000 	 19.424167725725 
18.000000000000 	 33.000000000000 	 18.712255389824 
18.000000000000 	 34.000000000000 	 17.927257363654 
18.000000000000 	 35.000000000000 	 17.070269275982 
18.000000000000 	 36.000000000000 	 16.142942486322 
18.000000000000 	 37.000000000000 	 15.147564897486 
18.000000000000 	 38.000000000000 	 14.087122955298 
18.000000000000 	 39.000000000000 	 12.965337926921 

19.000000000000 	 1.000000000000 	 4.174820518290 
19.000000000000 	 2.000000000000 	 5.711380182983 
19.000000000000 	 3.000000000000 	 7.208796922103 
19.000000000000 	 4.000000000000 	 8.657878726383 
19.000000000000 	 5.000000000000 	 10.050547520302 
19.000000000000 	 6.000000000000 	 11.379932578937 
19.000000000000 	 7.000000000000 	 12.640398184613 
19.000000000000 	 8.000000000000 	 13.827513037183 
19.000000000000 	 9.000000000000 	 14.937972607636 
19.000000000000 	 10.000000000000 	 15.969487254972 
19.000000000000 	 11.000000000000 	 16.920648814309 
19.000000000000 	 12.000000000000 	 17.790787012807 
19.000000000000 	 13.000000000000 	 18.579825017423 
19.000000000000 	 14.000000000000 	 19.288141127866 
19.000000000000 	 15.000000000000 	 19.916441435933 
19.000000000000 	 16.000000000000 	 20.465646382853 
19.000000000000 	 17.000000000000 	 20.936792652029 
19.000000000000 	 18.000000000000 	 21.330950748118 
19.000000000000 	 19.000000000000 	 21.649157897862 
19.000000000000 	 20.000000000000 	 21.892365502036 
19.000000000000 	 21.000000000000 	 22.061400202425 
19.000000000000 	 22.000000000000 	 22.156937636807 
19.000000000000 	 23.000000000000 	 22.179488079862 
19.000000000000 	 24.000000000000 	 22.129393358618 
19.000000000000 	 25.000000000000 	 22.006834644453 
19.000000000000 	 26.000000000000 	 21.811850921753 
19.000000000000 	 27.000000000000 	 21.544368080233 
19.000000000000 	 28.000000000000 	 21.204238638345 
19.000000000000 	 29.000000000000 	 20.791292043435 
19.000000000000 	 30.000000000000 	 20.305395275738 
19.000000000000 	 31.000000000000 	 19.746523078417 
19.000000000000 	 32.000000000000 	 19.114836527358 
19.000000000000 	 33.000000000000 	 18.410767847761 
19.000000000000 	 34.000000000000 	 17.635108420631 
19.000000000000 	 35.000000000000 	 16.789095888755 
19.000000000000 	 36.000000000000 	 15.874495309961 
19.000000000000 	 37.000000000000 	 14.893668604030 
19.000000000000 	 38.000000000000 	 13.849626310241 
19.000000000000 	 39.000000000000 	 12.746056105096 

20.000000000000 	 1.000000000000 	 4.110824974213 
20.000000000000 	 2.000000000000 	 5.624284277132 
20.000000000000 	 3.000000000000 	 7.099789381703 
20.000000000000 	 4.000000000000 	 8.528380652223 
20.000000000000 	 5.000000000000 	 9.902147380492 
20.000000000000 	 6.000000000000 	 11.214320383097 
20.000000000000 	 7.000000000000 	 12.459303847203 
20.000000000000 	 8.000000000000 	 13.632652634013 
20.000000000000 	 9.000000000000 	 14.731004741101 
20.000000000000 	 10.000000000000 	 15.751980349687 
20.000000000000 	 11.000000000000 	 16.694059044838 
20.000000000000 	 12.000000000000 	 17.556445794108 
20.000000000000 	 13.000000000000 	 18.338934558534 
20.000000000000 	 14.000000000000 	 19.041776402113 
20.000000000000 	 15.000000000000 	 19.665556977805 
20.000000000000 	 16.000000000000 	 20.211086504890 
20.000000000000 	 17.000000000000 	 20.679303919790 
20.000000000000 	 18.000000000000 	 21.071195809937 
20.000000000000 	 19.000000000000 	 21.387730007737 
20.000000000000 	 20.000000000000 	 21.629803281059 
20.000000000000 	 21.000000000000 	 21.798202348870 
20.000000000000 	 22.000000000000 	 21.893577415481 
20.000000000000 	 23.000000000000 	 21.916427499012 
20.000000000000 	 24.000000000000 	 21.867096980248 
20.000000000000 	 25.000000000000 	 21.745782974206 
20.000000000000 	 26.000000000000 	 21.552553290191 
20.000000000000 	 27.000000000000 	 21.287374861097 
20.000000000000 	 28.000000000000 	 20.950152554801 
20.000000000000 	 29.000000000000 	 20.540778196138 
20.000000000000 	 30.000000000000 	 20.059189396514 
20.000000000000 	 31.000000000000 	 19.505437385530 
20.000000000000 	 32.000000000000 	 18.879762454794 
20.000000000000 	 33.000000000000 	 18.182674870426 
20.000000000000 	 34.000000000000 	 17.415038233079 
20.000000000000 	 35.000000000000 	 16.578151349315 
20.000000000000 	 36.000000000000 	 15.673823857217 
20.000000000000 	 37.000000000000 	 14.704440289390 
20.000000000000 	 38.000000000000 	 13.673007137425 
20.000000000000 	 39.000000000000 	 12.583177955890 

21.000000000000 	 1.000000000000 	 4.075287177400 
21.000000000000 	 2.000000000000 	 5.575632998604 
21.000000000000 	 3.000000000000 	 7.038316945770 
21.000000000000 	 4.000000000000 	 8.454456821915 
21.000000000000 	 5.000000000000 	 9.816216190687 
21.000000000000 	 6.000000000000 	 11.116895077515 
21.000000000000 	 7.000000000000 	 12.350959797297 
21.000000000000 	 8.000000000000 	 13.514018451645 
21.000000000000 	 9.000000000000 	 14.602752075697 
21.000000000000 	 10.000000000000 	 15.614813029472 
21.000000000000 	 11.000000000000 	 16.548702266351 
21.000000000000 	 12.000000000000 	 17.403636002039 
21.000000000000 	 13.000000000000 	 18.179410524162 
21.000000000000 	 14.000000000000 	 18.876271841622 
21.000000000000 	 15.000000000000 	 19.494794883713 
21.000000000000 	 16.000000000000 	 20.035775216579 
21.000000000000 	 17.000000000000 	 20.500134843597 
21.000000000000 	 18.000000000000 	 20.888842617990 
21.000000000000 	 19.000000000000 	 21.202849094315 
21.000000000000 	 20.000000000000 	 21.443035229634 
21.000000000000 	 21.000000000000 	 21.610174154954 
21.000000000000 	 22.000000000000 	 21.704905213634 
21.000000000000 	 23.000000000000 	 21.727719551603 
21.000000000000 	 24.000000000000 	 21.678956697550 
21.000000000000 	 25.000000000000 	 21.558811748414 
21.000000000000 	 26.000000000000 	 21.367352940063 
21.000000000000 	 27.000000000000 	 21.104549500621 
21.000000000000 	 28.000000000000 	 20.770309721068 
21.000000000000 	 29.000000000000 	 20.364529101645 
21.000000000000 	 30.000000000000 	 19.887148212163 
21.000000000000 	 31.000000000000 	 19.338219514449 
21.000000000000 	 32.000000000000 	 18.717981822898 
21.000000000000 	 33.000000000000 	 18.026940333240 
21.000000000000 	 34.000000000000 	 17.265949271276 
21.000000000000 	 35.000000000000 	 16.436293285679 
21.000000000000 	 36.000000000000 	 15.539762861654 
21.000000000000 	 37.000000000000 	 14.578718434659 
21.000000000000 	 38.000000000000 	 13.556137722351 
21.000000000000 	 39.000000000000 	 12.475641232059 

22.000000000000 	 1.000000000000 	 4.067992831601 
22.000000000000 	 2.000000000000 	 5.565132509156 
22.000000000000 	 3.000000000000 	 7.024007933441 
22.000000000000 	 4.000000000000 	 8.435660886288 
22.000000000000 	 5.000000000000 	 9.792238005388 
22.000000000000 	 6.000000000000 	 11.087078211960 
22.000000000000 	 7.000000000000 	 12.314733979194 
22.000000000000 	 8.000000000000 	 13.470935045115 
22.000000000000 	 9.000000000000 	 14.552506650679 
22.000000000000 	 10.000000000000 	 15.557255644324 
22.000000000000 	 11.000000000000 	 16.483837277023 
22.000000000000 	 12.000000000000 	 17.331613822957 
22.000000000000 	 13.000000000000 	 18.100513890093 
22.000000000000 	 14.000000000000 	 18.790898900759 
22.000000000000 	 15.000000000000 	 19.403441037609 
22.000000000000 	 16.000000000000 	 19.939015133760 
22.000000000000 	 17.000000000000 	 20.398605595530 
22.000000000000 	 18.000000000000 	 20.783228468094 
22.000000000000 	 19.000000000000 	 21.093868134576 
22.000000000000 	 20.000000000000 	 21.331427808011 
22.000000000000 	 21.000000000000 	 21.496692862567 
22.000000000000 	 22.000000000000 	 21.590306091702 
22.000000000000 	 23.000000000000 	 21.612754122398 
22.000000000000 	 24.000000000000 	 21.564364411584 
22.000000000000 	 25.000000000000 	 21.445312465779 
22.000000000000 	 26.000000000000 	 21.255639124948 
22.000000000000 	 27.000000000000 	 20.995277905075 
22.000000000000 	 28.000000000000 	 20.664092469218 
22.000000000000 	 29.000000000000 	 20.261924259834 
22.000000000000 	 30.000000000000 	 19.788650141069 
22.000000000000 	 31.000000000000 	 19.244249535431 
22.000000000000 	 32.000000000000 	 18.628879970237 
22.000000000000 	 33.000000000000 	 17.942959170034 
22.000000000000 	 34.000000000000 	 17.187250868978 
22.000000000000 	 35.000000000000 	 16.362950447222 
22.000000000000 	 36.000000000000 	 15.471765452208 
22.000000000000 	 37.000000000000 	 14.515985243699 
22.000000000000 	 38.000000000000 	 13.498533634531 
22.000000000000 	 39.000000000000 	 12.422998714742 

23.000000000000 	 1.000000000000 	 4.089409398225 
23.000000000000 	 2.000000000000 	 5.593380659802 
23.000000000000 	 3.000000000000 	 7.057535008832 
23.000000000000 	 4.000000000000 	 8.472681249587 
23.000000000000 	 5.000000000000 	 9.830861174076 
23.000000000000 	 6.000000000000 	 11.125430849999 
23.000000000000 	 7.000000000000 	 12.351064728144 
23.000000000000 	 8.000000000000 	 13.503695491914 
23.000000000000 	 9.000000000000 	 14.580406047212 
23.000000000000 	 10.000000000000 	 15.579290517854 
23.000000000000 	 11.000000000000 	 16.499299433683 
23.000000000000 	 12.000000000000 	 17.340081440238 
23.000000000000 	 13.000000000000 	 18.101830631652 
23.000000000000 	 14.000000000000 	 18.785145568432 
23.000000000000 	 15.000000000000 	 19.390903492780 
23.000000000000 	 16.000000000000 	 19.920151305129 
23.000000000000 	 17.000000000000 	 20.374013500002 
23.000000000000 	 18.000000000000 	 20.753616395151 
23.000000000000 	 19.000000000000 	 21.060027519668 
23.000000000000 	 20.000000000000 	 21.294208851068 
23.000000000000 	 21.000000000000 	 21.456982619243 
23.000000000000 	 22.000000000000 	 21.549008555713 
23.000000000000 	 23.000000000000 	 21.570771706139 
23.000000000000 	 24.000000000000 	 21.522580202178 
23.000000000000 	 25.000000000000 	 21.404572674442 
23.000000000000 	 26.000000000000 	 21.216735254978 
23.000000000000 	 27.000000000000 	 20.958928339236 
23.000000000000 	 28.000000000000 	 20.630923424513 
23.000000000000 	 29.000000000000 	 20.232450379132 
23.000000000000 	 30.000000000000 	 19.763255381820 
23.000000000000 	 31.000000000000 	 19.223169456569 
23.000000000000 	 32.000000000000 	 18.612186968075 
23.000000000000 	 33.000000000000 	 17.930552602963 
23.000000000000 	 34.000000000000 	 17.178854240816 
23.000000000000 	 35.000000000000 	 16.358117772187 
23.000000000000 	 36.000000000000 	 15.469898487523 
23.000000000000 	 37.000000000000 	 14.516362380267 
23.000000000000 	 38.000000000000 	 13.500349907392 
23.000000000000 	 39.000000000000 	 12.425414792619 

24.000000000000 	 1.000000000000 	 4.140731025144 
24.000000000000 	 2.000000000000 	 5.661922595273 
24.000000000000 	 3.000000000000 	 7.140674289429 
24.000000000000 	 4.000000000000 	 8.567396907107 
24.000000000000 	 5.000000000000 	 9.933945622260 
24.000000000000 	 6.000000000000 	 11.233689068250 
24.000000000000 	 7.000000000000 	 12.461483363391 
24.000000000000 	 8.000000000000 	 13.613571700642 
24.000000000000 	 9.000000000000 	 14.687433225904 
24.000000000000 	 10.000000000000 	 15.681603738742 
24.000000000000 	 11.000000000000 	 16.595486946338 
24.000000000000 	 12.000000000000 	 17.429170161984 
24.000000000000 	 13.000000000000 	 18.183253600088 
24.000000000000 	 14.000000000000 	 18.858698419841 
24.000000000000 	 15.000000000000 	 19.456695647490 
24.000000000000 	 16.000000000000 	 19.978556042305 
24.000000000000 	 17.000000000000 	 20.425619712661 
24.000000000000 	 18.000000000000 	 20.799183643913 
24.000000000000 	 19.000000000000 	 21.100445086343 
24.000000000000 	 20.000000000000 	 21.330458820225 
24.000000000000 	 21.000000000000 	 21.490106554641 
24.000000000000 	 22.000000000000 	 21.580077050375 
24.000000000000 	 23.000000000000 	 21.600855934981 
24.000000000000 	 24.000000000000 	 21.552724568553 
24.000000000000 	 25.000000000000 	 21.435767701696 
24.000000000000 	 26.000000000000 	 21.249890026668 
24.000000000000 	 27.000000000000 	 20.994842041616 
24.000000000000 	 28.000000000000 	 20.670255901926 
24.000000000000 	 29.000000000000 	 20.275692086404 
24.000000000000 	 30.000000000000 	 19.810697707962 
24.000000000000 	 31.000000000000 	 19.274877080992 
24.000000000000 	 32.000000000000 	 18.667974639857 
24.000000000000 	 33.000000000000 	 17.989969404063 
24.000000000000 	 34.000000000000 	 17.241178849821 
24.000000000000 	 35.000000000000 	 16.422368284718 
24.000000000000 	 36.000000000000 	 15.534859759849 
24.000000000000 	 37.000000000000 	 14.580632486495 
24.000000000000 	 38.000000000000 	 13.562405129853 
24.000000000000 	 39.000000000000 	 12.483689832585 

25.000000000000 	 1.000000000000 	 4.223975389109 
25.000000000000 	 2.000000000000 	 5.773370824485 
25.000000000000 	 3.000000000000 	 7.276433499769 
25.000000000000 	 4.000000000000 	 8.722999463662 
25.000000000000 	 5.000000000000 	 10.104667713312 
25.000000000000 	 6.000000000000 	 11.414844959167 
25.000000000000 	 7.000000000000 	 12.648668946903 
25.000000000000 	 8.000000000000 	 13.802844064599 
25.000000000000 	 9.000000000000 	 14.875424577298 
25.000000000000 	 10.000000000000 	 15.865576303880 
25.000000000000 	 11.000000000000 	 16.773340047095 
25.000000000000 	 12.000000000000 	 17.599412130400 
25.000000000000 	 13.000000000000 	 18.344950504333 
25.000000000000 	 14.000000000000 	 19.011409687430 
25.000000000000 	 15.000000000000 	 19.600404331610 
25.000000000000 	 16.000000000000 	 20.113599172241 
25.000000000000 	 17.000000000000 	 20.552622163847 
25.000000000000 	 18.000000000000 	 20.918997359321 
25.000000000000 	 19.000000000000 	 21.214094281507 
25.000000000000 	 20.000000000000 	 21.439090960296 
25.000000000000 	 21.000000000000 	 21.594948336577 
25.000000000000 	 22.000000000000 	 21.682394291168 
25.000000000000 	 23.000000000000 	 21.701916104224 
25.000000000000 	 24.000000000000 	 21.653760673713 
25.000000000000 	 25.000000000000 	 21.537942317498 
25.000000000000 	 26.000000000000 	 21.354258453256 
25.000000000000 	 27.000000000000 	 21.102313890805 
25.000000000000 	 28.000000000000 	 20.781554868426 
25.000000000000 	 29.000000000000 	 20.391314285989 
25.000000000000 	 30.000000000000 	 19.930869774312 
25.000000000000 	 31.000000000000 	 19.399516200005 
25.000000000000 	 32.000000000000 	 18.796653810750 
25.000000000000 	 33.000000000000 	 18.121892323909 
25.000000000000 	 34.000000000000 	 17.375169700960 
25.000000000000 	 35.000000000000 	 16.556882043471 
25.000000000000 	 36.000000000000 	 15.668018060217 
25.000000000000 	 37.000000000000 	 14.710288223725 
25.000000000000 	 38.000000000000 	 13.686235743119 
25.000000000000 	 39.000000000000 	 12.599314836088 

26.000000000000 	 1.000000000000 	 4.342145539390 
26.000000000000 	 2.000000000000 	 5.931604901573 
26.000000000000 	 3.000000000000 	 7.469263388474 
26.000000000000 	 4.000000000000 	 8.944192353892 
26.000000000000 	 5.000000000000 	 10.347689393045 
26.000000000000 	 6.000000000000 	 11.673275521744 
26.000000000000 	 7.000000000000 	 12.916534068262 
26.000000000000 	 8.000000000000 	 14.074846957554 
26.000000000000 	 9.000000000000 	 15.147081488810 
26.000000000000 	 10.000000000000 	 16.133269679209 
26.000000000000 	 11.000000000000 	 17.034308517912 
26.000000000000 	 12.000000000000 	 17.851696879952 
26.000000000000 	 13.000000000000 	 18.587315180320 
26.000000000000 	 14.000000000000 	 19.243247423525 
26.000000000000 	 15.000000000000 	 19.821641653019 
26.000000000000 	 16.000000000000 	 20.324603185550 
26.000000000000 	 17.000000000000 	 20.754114709590 
26.000000000000 	 18.000000000000 	 21.111977767937 
26.000000000000 	 19.000000000000 	 21.399770940575 
26.000000000000 	 20.000000000000 	 21.618820953155 
26.000000000000 	 21.000000000000 	 21.770183828519 
26.000000000000 	 22.000000000000 	 21.854634016615 
26.000000000000 	 23.000000000000 	 21.872660170039 
26.000000000000 	 24.000000000000 	 21.824466890881 
26.000000000000 	 25.000000000000 	 21.709982382801 
26.000000000000 	 26.000000000000 	 21.528872525158 
26.000000000000 	 27.000000000000 	 21.280562461736 
26.000000000000 	 28.000000000000 	 20.964267368957 
26.000000000000 	 29.000000000000 	 20.579034616207 
26.000000000000 	 30.000000000000 	 20.123799994139 
26.000000000000 	 31.000000000000 	 19.597460951455 
26.000000000000 	 32.000000000000 	 18.998969663409 
26.000000000000 	 33.000000000000 	 18.327448000555 
26.000000000000 	 34.000000000000 	 17.582324769453 
26.000000000000 	 35.000000000000 	 16.763492679346 
26.000000000000 	 36.000000000000 	 15.871478244896 
26.000000000000 	 37.000000000000 	 14.907612554528 
26.000000000000 	 38.000000000000 	 13.874185438313 
26.000000000000 	 39.000000000000 	 12.774561708708 

27.000000000000 	 1.000000000000 	 4.499479596362 
27.000000000000 	 2.000000000000 	 6.142076818478 
27.000000000000 	 3.000000000000 	 7.725376340876 
27.000000000000 	 4.000000000000 	 9.237485142774 
27.000000000000 	 5.000000000000 	 10.669401794416 
27.000000000000 	 6.000000000000 	 12.014922291301 
27.000000000000 	 7.000000000000 	 13.270338838072 
27.000000000000 	 8.000000000000 	 14.434023710395 
27.000000000000 	 9.000000000000 	 15.505977504257 
27.000000000000 	 10.000000000000 	 16.487397804069 
27.000000000000 	 11.000000000000 	 17.380300512450 
27.000000000000 	 12.000000000000 	 18.187207062226 
27.000000000000 	 13.000000000000 	 18.910897964316 
27.000000000000 	 14.000000000000 	 19.554225962723 
27.000000000000 	 15.000000000000 	 20.119978984135 
27.000000000000 	 16.000000000000 	 20.610782578450 
27.000000000000 	 17.000000000000 	 21.029032460781 
27.000000000000 	 18.000000000000 	 21.376849282266 
27.000000000000 	 19.000000000000 	 21.656049399569 
27.000000000000 	 20.000000000000 	 21.868126937994 
27.000000000000 	 21.000000000000 	 22.014243755800 
27.000000000000 	 22.000000000000 	 22.095225008293 
27.000000000000 	 23.000000000000 	 22.111558914176 
27.000000000000 	 24.000000000000 	 22.063400097030 
27.000000000000 	 25.000000000000 	 21.950576570702 
27.000000000000 	 26.000000000000 	 21.772601115089 
27.000000000000 	 27.000000000000 	 21.528688496240 
27.000000000000 	 28.000000000000 	 21.217780753638 
27.000000000000 	 29.000000000000 	 20.838583611489 
27.000000000000 	 30.000000000000 	 20.389617925053 
27.000000000000 	 31.000000000000 	 19.869290825541 
27.000000000000 	 32.000000000000 	 19.275991642672 
27.000000000000 	 33.000000000000 	 18.608217381085 
27.000000000000 	 34.000000000000 	 17.864730972427 
27.000000000000 	 35.000000000000 	 17.044752101706 
27.000000000000 	 36.000000000000 	 16.148174615026 
27.000000000000 	 37.000000000000 	 15.175796364676 
27.000000000000 	 38.000000000000 	 14.129537897497 
27.000000000000 	 39.000000000000 	 13.012618220253 

28.000000000000 	 1.000000000000 	 4.701826247585 
28.000000000000 	 2.000000000000 	 6.412264582562 
28.000000000000 	 3.000000000000 	 8.053209718710 
28.000000000000 	 4.000000000000 	 9.611609289291 
28.000000000000 	 5.000000000000 	 11.078256580587 
28.000000000000 	 6.000000000000 	 12.447523368773 
28.000000000000 	 7.000000000000 	 13.716826469144 
28.000000000000 	 8.000000000000 	 14.885979867767 
28.000000000000 	 9.000000000000 	 15.956548412673 
28.000000000000 	 10.000000000000 	 16.931273564896 
28.000000000000 	 11.000000000000 	 17.813602584892 
28.000000000000 	 12.000000000000 	 18.607325590352 
28.000000000000 	 13.000000000000 	 19.316309727876 
28.000000000000 	 14.000000000000 	 19.944313247120 
28.000000000000 	 15.000000000000 	 20.494861255325 
28.000000000000 	 16.000000000000 	 20.971166754485 
28.000000000000 	 17.000000000000 	 21.376083500534 
28.000000000000 	 18.000000000000 	 21.712080293281 
28.000000000000 	 19.000000000000 	 21.981229038385 
28.000000000000 	 20.000000000000 	 22.185201158146 
28.000000000000 	 21.000000000000 	 22.325268670536 
28.000000000000 	 22.000000000000 	 22.402307585448 
28.000000000000 	 23.000000000000 	 22.416802289270 
28.000000000000 	 24.000000000000 	 22.368850412460 
28.000000000000 	 25.000000000000 	 22.258168401847 
28.000000000000 	 26.000000000000 	 22.084098744157 
28.000000000000 	 27.000000000000 	 21.845620594504 
28.000000000000 	 28.000000000000 	 21.541366525709 
28.000000000000 	 29.000000000000 	 21.169649279194 
28.000000000000 	 30.000000000000 	 20.728503765376 
28.000000000000 	 31.000000000000 	 20.215751037071 
28.000000000000 	 32.000000000000 	 19.629092289270 
28.000000000000 	 33.000000000000 	 18.966241620653 
28.000000000000 	 34.000000000000 	 18.225105497676 
28.000000000000 	 35.000000000000 	 17.404013432525 
28.000000000000 	 36.000000000000 	 16.501997038906 
28.000000000000 	 37.000000000000 	 15.519102546854 
28.000000000000 	 38.000000000000 	 14.456705776684 
28.000000000000 	 39.000000000000 	 13.317782142240 

29.000000000000 	 1.000000000000 	 4.957208770473 
29.000000000000 	 2.000000000000 	 6.752342298058 
29.000000000000 	 3.000000000000 	 8.464091264234 
29.000000000000 	 4.000000000000 	 10.078092216880 
29.000000000000 	 5.000000000000 	 11.585199918411 
29.000000000000 	 6.000000000000 	 12.980894982573 
29.000000000000 	 7.000000000000 	 14.264366320489 
29.000000000000 	 8.000000000000 	 15.437515566422 
29.000000000000 	 9.000000000000 	 16.504045712036 
29.000000000000 	 10.000000000000 	 17.468712566197 
29.000000000000 	 11.000000000000 	 18.336757363363 
29.000000000000 	 12.000000000000 	 19.113504425980 
29.000000000000 	 13.000000000000 	 19.804093172565 
29.000000000000 	 14.000000000000 	 20.413311334192 
29.000000000000 	 15.000000000000 	 20.945499912745 
29.000000000000 	 16.000000000000 	 21.404506276310 
29.000000000000 	 17.000000000000 	 21.793667727692 
29.000000000000 	 18.000000000000 	 22.115812972965 
29.000000000000 	 19.000000000000 	 22.373272899848 
29.000000000000 	 20.000000000000 	 22.567895017318 
29.000000000000 	 21.000000000000 	 22.701058000938 
29.000000000000 	 22.000000000000 	 22.773684250491 
29.000000000000 	 23.000000000000 	 22.786249398463 
29.000000000000 	 24.000000000000 	 22.738788482147 
29.000000000000 	 25.000000000000 	 22.630899156491 
29.000000000000 	 26.000000000000 	 22.461743011581 
29.000000000000 	 27.000000000000 	 22.230046893614 
29.000000000000 	 28.000000000000 	 21.934107235237 
29.000000000000 	 29.000000000000 	 21.571801897860 
29.000000000000 	 30.000000000000 	 21.140616002167 
29.000000000000 	 31.000000000000 	 20.637690676191 
29.000000000000 	 32.000000000000 	 20.059906396311 
29.000000000000 	 33.000000000000 	 19.404015092367 
29.000000000000 	 34.000000000000 	 18.666836311653 
29.000000000000 	 35.000000000000 	 17.845530583645 
29.000000000000 	 36.000000000000 	 16.937955041695 
29.000000000000 	 37.000000000000 	 15.943089606415 
29.000000000000 	 38.000000000000 	 14.861495673938 
29.000000000000 	 39.000000000000 	 13.695737364546 

30.000000000000 	 1.000000000000 	 5.276683030713 
30.000000000000 	 2.000000000000 	 7.176177486798 
30.000000000000 	 3.000000000000 	 8.973193224194 
30.000000000000 	 4.000000000000 	 10.652038452852 
30.000000000000 	 5.000000000000 	 12.204221395710 
30.000000000000 	 6.000000000000 	 13.627248687838 
30.000000000000 	 7.000000000000 	 14.923076550257 
30.000000000000 	 8.000000000000 	 16.096605282473 
30.000000000000 	 9.000000000000 	 17.154424224058 
30.000000000000 	 10.000000000000 	 18.103870601541 
30.000000000000 	 11.000000000000 	 18.952381654536 
30.000000000000 	 12.000000000000 	 19.707083612281 
30.000000000000 	 13.000000000000 	 20.374554676493 
30.000000000000 	 14.000000000000 	 20.960706847914 
30.000000000000 	 15.000000000000 	 21.470743693890 
30.000000000000 	 16.000000000000 	 21.909163166891 
30.000000000000 	 17.000000000000 	 22.279784456284 
30.000000000000 	 18.000000000000 	 22.585785226451 
30.000000000000 	 19.000000000000 	 22.829740760783 
30.000000000000 	 20.000000000000 	 23.013659986229 
30.000000000000 	 21.000000000000 	 23.139015578776 
30.000000000000 	 22.000000000000 	 23.206766744317 
30.000000000000 	 23.000000000000 	 23.217374138559 
30.000000000000 	 24.000000000000 	 23.170806966721 
30.000000000000 	 25.000000000000 	 23.066542773105 
30.000000000000 	 26.000000000000 	 22.903560953738 
30.000000000000 	 27.000000000000 	 22.680331763781 
30.000000000000 	 28.000000000000 	 22.394803726145 
30.000000000000 	 29.000000000000 	 22.044394088672 
30.000000000000 	 30.000000000000 	 21.625989555039 
30.000000000000 	 31.000000000000 	 21.135968131667 
30.000000000000 	 32.000000000000 	 20.570257638161 
30.000000000000 	 33.000000000000 	 19.924451860647 
30.000000000000 	 34.000000000000 	 19.194010273052 
30.000000000000 	 35.000000000000 	 18.374569031577 
30.000000000000 	 36.000000000000 	 17.462384856644 
30.000000000000 	 37.000000000000 	 16.454912940746 
30.000000000000 	 38.000000000000 	 15.351479294420 
30.000000000000 	 39.000000000000 	 14.153948239466 

31.000000000000 	 1.000000000000 	 5.675671882960 
31.000000000000 	 2.000000000000 	 7.702838166433 
31.000000000000 	 3.000000000000 	 9.600904980380 
31.000000000000 	 4.000000000000 	 11.353177073154 
31.000000000000 	 5.000000000000 	 12.953017376807 
31.000000000000 	 6.000000000000 	 14.401507029658 
31.000000000000 	 7.000000000000 	 15.704874735181 
31.000000000000 	 8.000000000000 	 16.872274172276 
31.000000000000 	 9.000000000000 	 17.914121869179 
31.000000000000 	 10.000000000000 	 18.840984044712 
31.000000000000 	 11.000000000000 	 19.662904682147 
31.000000000000 	 12.000000000000 	 20.389048665089 
31.000000000000 	 13.000000000000 	 21.027550898768 
31.000000000000 	 14.000000000000 	 21.585489650290 
31.000000000000 	 15.000000000000 	 22.068928016526 
31.000000000000 	 16.000000000000 	 22.482987484329 
31.000000000000 	 17.000000000000 	 22.831931713182 
31.000000000000 	 18.000000000000 	 23.119248024091 
31.000000000000 	 19.000000000000 	 23.347719935079 
31.000000000000 	 20.000000000000 	 23.519487570857 
31.000000000000 	 21.000000000000 	 23.636094734418 
31.000000000000 	 22.000000000000 	 23.698522447837 
31.000000000000 	 23.000000000000 	 23.707209243130 
31.000000000000 	 24.000000000000 	 23.662058679627 
31.000000000000 	 25.000000000000 	 23.562434677172 
31.000000000000 	 26.000000000000 	 23.407145452200 
31.000000000000 	 27.000000000000 	 23.194417305079 
31.000000000000 	 28.000000000000 	 22.921860459443 
31.000000000000 	 29.000000000000 	 22.586430908831 
31.000000000000 	 30.000000000000 	 22.184395205335 
31.000000000000 	 31.000000000000 	 21.711309857377 
31.000000000000 	 32.000000000000 	 21.162034029714 
31.000000000000 	 33.000000000000 	 20.530803819331 
31.000000000000 	 34.000000000000 	 19.811407828092 
31.000000000000 	 35.000000000000 	 18.997514171885 
31.000000000000 	 36.000000000000 	 18.083201483602 
31.000000000000 	 37.000000000000 	 17.063728132294 
31.000000000000 	 38.000000000000 	 15.936517516779 
31.000000000000 	 39.000000000000 	 14.702231179590 

32.000000000000 	 1.000000000000 	 6.176103695887 
32.000000000000 	 2.000000000000 	 8.358916810451 
32.000000000000 	 3.000000000000 	 10.374814923775 
32.000000000000 	 4.000000000000 	 12.207234354514 
32.000000000000 	 5.000000000000 	 13.853732397744 
32.000000000000 	 6.000000000000 	 15.321535019948 
32.000000000000 	 7.000000000000 	 16.623365689190 
32.000000000000 	 8.000000000000 	 17.774293292030 
32.000000000000 	 9.000000000000 	 18.789674417220 
32.000000000000 	 10.000000000000 	 19.683975927188 
32.000000000000 	 11.000000000000 	 20.470205151253 
32.000000000000 	 12.000000000000 	 21.159716258501 
32.000000000000 	 13.000000000000 	 21.762227284934 
32.000000000000 	 14.000000000000 	 22.285941079621 
32.000000000000 	 15.000000000000 	 22.737706509071 
32.000000000000 	 16.000000000000 	 23.123184629782 
32.000000000000 	 17.000000000000 	 23.447001918696 
32.000000000000 	 18.000000000000 	 23.712882673099 
32.000000000000 	 19.000000000000 	 23.923758110635 
32.000000000000 	 20.000000000000 	 24.081852376797 
32.000000000000 	 21.000000000000 	 24.188746775779 
32.000000000000 	 22.000000000000 	 24.245423790671 
32.000000000000 	 23.000000000000 	 24.252292269063 
32.000000000000 	 24.000000000000 	 24.209194768926 
32.000000000000 	 25.000000000000 	 24.115397648495 
32.000000000000 	 26.000000000000 	 23.969564177366 
32.000000000000 	 27.000000000000 	 23.769710902979 
32.000000000000 	 28.000000000000 	 23.513147965181 
32.000000000000 	 29.000000000000 	 23.196405397373 
32.000000000000 	 30.000000000000 	 22.815150305450 
32.000000000000 	 31.000000000000 	 22.364105122961 
32.000000000000 	 32.000000000000 	 21.836986226520 
32.000000000000 	 33.000000000000 	 21.226496612833 
32.000000000000 	 34.000000000000 	 20.524427182369 
32.000000000000 	 35.000000000000 	 19.721947205111 
32.000000000000 	 36.000000000000 	 18.810188221489 
32.000000000000 	 37.000000000000 	 17.781226713717 
32.000000000000 	 38.000000000000 	 16.629510600267 
32.000000000000 	 39.000000000000 	 15.353603002131 

33.000000000000 	 1.000000000000 	 6.809971512760 
33.000000000000 	 2.000000000000 	 9.182198709838 
33.000000000000 	 3.000000000000 	 11.332568707143 
33.000000000000 	 4.000000000000 	 13.247653667376 
33.000000000000 	 5.000000000000 	 14.933657260844 
33.000000000000 	 6.000000000000 	 16.408121165847 
33.000000000000 	 7.000000000000 	 17.693415419733 
33.000000000000 	 8.000000000000 	 18.812581563486 
33.000000000000 	 9.000000000000 	 19.787093415234 
33.000000000000 	 10.000000000000 	 20.635888039055 
33.000000000000 	 11.000000000000 	 21.375129500574 
33.000000000000 	 12.000000000000 	 22.018344003121 
33.000000000000 	 13.000000000000 	 22.576711556904 
33.000000000000 	 14.000000000000 	 23.059398192627 
33.000000000000 	 15.000000000000 	 23.473872193165 
33.000000000000 	 16.000000000000 	 23.826180789427 
33.000000000000 	 17.000000000000 	 24.121180727684 
33.000000000000 	 18.000000000000 	 24.362724050400 
33.000000000000 	 19.000000000000 	 24.553803553900 
33.000000000000 	 20.000000000000 	 24.696663078228 
33.000000000000 	 21.000000000000 	 24.792877331662 
33.000000000000 	 22.000000000000 	 24.843405014493 
33.000000000000 	 23.000000000000 	 24.848617904757 
33.000000000000 	 24.000000000000 	 24.808307449035 
33.000000000000 	 25.000000000000 	 24.721669331875 
33.000000000000 	 26.000000000000 	 24.587265527745 
33.000000000000 	 27.000000000000 	 24.402962553877 
33.000000000000 	 28.000000000000 	 24.165844221414 
33.000000000000 	 29.000000000000 	 23.872097499624 
33.000000000000 	 30.000000000000 	 23.516871886431 
33.000000000000 	 31.000000000000 	 23.094117236520 
33.000000000000 	 32.000000000000 	 22.596414590408 
33.000000000000 	 33.000000000000 	 22.014832707022 
33.000000000000 	 34.000000000000 	 21.338874482422 
33.000000000000 	 35.000000000000 	 20.556626618406 
33.000000000000 	 36.000000000000 	 19.655291085485 
33.000000000000 	 37.000000000000 	 18.622336192920 
33.000000000000 	 38.000000000000 	 17.447490834592 
33.000000000000 	 39.000000000000 	 16.125581276586 

34.000000000000 	 1.000000000000 	 7.625538330924 
34.000000000000 	 2.000000000000 	 10.227594045450 
34.000000000000 	 3.000000000000 	 12.525932125305 
34.000000000000 	 4.000000000000 	 14.517546046700 
34.000000000000 	 5.000000000000 	 16.225579094486 
34.000000000000 	 6.000000000000 	 17.684398053359 
34.000000000000 	 7.000000000000 	 18.930176137885 
34.000000000000 	 8.000000000000 	 19.996166530359 
34.000000000000 	 9.000000000000 	 20.910929078667 
34.000000000000 	 10.000000000000 	 21.698107071837 
34.000000000000 	 11.000000000000 	 22.376885965071 
34.000000000000 	 12.000000000000 	 22.962672127587 
34.000000000000 	 13.000000000000 	 23.467775143124 
34.000000000000 	 14.000000000000 	 23.902007818164 
34.000000000000 	 15.000000000000 	 24.273180995443 
34.000000000000 	 16.000000000000 	 24.587497366463 
34.000000000000 	 17.000000000000 	 24.849858034233 
34.000000000000 	 18.000000000000 	 25.064097212200 
34.000000000000 	 19.000000000000 	 25.233158884663 
34.000000000000 	 20.000000000000 	 25.359226676929 
34.000000000000 	 21.000000000000 	 25.443815509182 
34.000000000000 	 22.000000000000 	 25.487831161451 
34.000000000000 	 23.000000000000 	 25.491601716526 
34.000000000000 	 24.000000000000 	 25.454882922272 
34.000000000000 	 25.000000000000 	 25.376837736715 
34.000000000000 	 26.000000000000 	 25.255988602531 
34.000000000000 	 27.000000000000 	 25.090139288740 
34.000000000000 	 28.000000000000 	 24.876261463549 
34.000000000000 	 29.000000000000 	 24.610339728180 
34.000000000000 	 30.000000000000 	 24.287168227493 
34.000000000000 	 31.000000000000 	 23.900093507293 
34.000000000000 	 32.000000000000 	 23.440704854147 
34.000000000000 	 33.000000000000 	 22.898490500419 
34.000000000000 	 34.000000000000 	 22.260515813815 
34.000000000000 	 35.000000000000 	 21.511253623786 
34.000000000000 	 36.000000000000 	 20.632825433228 
34.000000000000 	 37.000000000000 	 19.606097317789 
34.000000000000 	 38.000000000000 	 18.413242556547 
34.000000000000 	 39.000000000000 	 17.042262584264 

35.000000000000 	 1.000000000000 	 8.698788686248 
35.000000000000 	 2.000000000000 	 11.576929654948 
35.000000000000 	 3.000000000000 	 14.026301739014 
35.000000000000 	 4.000000000000 	 16.071359640407 
35.000000000000 	 5.000000000000 	 17.767112341160 
35.000000000000 	 6.000000000000 	 19.174168581319 
35.000000000000 	 7.000000000000 	 20.347230999777 
35.000000000000 	 8.000000000000 	 21.331537514092 
35.000000000000 	 9.000000000000 	 22.162957025815 
35.000000000000 	 10.000000000000 	 22.869380131768 
35.000000000000 	 11.000000000000 	 23.472334745939 
35.000000000000 	 12.000000000000 	 23.988424929848 
35.000000000000 	 13.000000000000 	 24.430489670027 
35.000000000000 	 14.000000000000 	 24.808493583875 
35.000000000000 	 15.000000000000 	 25.130196121894 
35.000000000000 	 16.000000000000 	 25.401648746161 
35.000000000000 	 17.000000000000 	 25.627562103012 
35.000000000000 	 18.000000000000 	 25.811575815205 
35.000000000000 	 19.000000000000 	 25.956455097242 
35.000000000000 	 20.000000000000 	 26.064231632146 
35.000000000000 	 21.000000000000 	 26.136300927635 
35.000000000000 	 22.000000000000 	 26.173484355597 
35.000000000000 	 23.000000000000 	 26.176060910945 
35.000000000000 	 24.000000000000 	 26.143771082187 
35.000000000000 	 25.000000000000 	 26.075792825576 
35.000000000000 	 26.000000000000 	 25.970687224358 
35.000000000000 	 27.000000000000 	 25.826308755290 
35.000000000000 	 28.000000000000 	 25.639671953244 
35.000000000000 	 29.000000000000 	 25.406762498670 
35.000000000000 	 30.000000000000 	 25.122276398171 
35.000000000000 	 31.000000000000 	 24.779266634921 
35.000000000000 	 32.000000000000 	 24.368674636191 
35.000000000000 	 33.000000000000 	 23.878730031138 
35.000000000000 	 34.000000000000 	 23.294230458408 
35.000000000000 	 35.000000000000 	 22.595793801379 
35.000000000000 	 36.000000000000 	 21.759365345782 
35.000000000000 	 37.000000000000 	 20.756646463903 
35.000000000000 	 38.000000000000 	 19.557734039239 
35.000000000000 	 39.000000000000 	 18.137825862313 

36.000000000000 	 1.000000000000 	 10.156080703345 
36.000000000000 	 2.000000000000 	 13.355221818617 
36.000000000000 	 3.000000000000 	 15.931223273243 
36.000000000000 	 4.000000000000 	 17.974765318600 
36.000000000000 	 5.000000000000 	 19.597676965313 
36.000000000000 	 6.000000000000 	 20.898314581639 
36.000000000000 	 7.000000000000 	 21.953468669724 
36.000000000000 	 8.000000000000 	 22.820266001580 
36.000000000000 	 9.000000000000 	 23.540493652093 
36.000000000000 	 10.000000000000 	 24.144673742043 
36.000000000000 	 11.000000000000 	 24.655237659620 
36.000000000000 	 12.000000000000 	 25.088828235276 
36.000000000000 	 13.000000000000 	 25.457923015487 
36.000000000000 	 14.000000000000 	 25.771969098760 
36.000000000000 	 15.000000000000 	 26.038177247226 
36.000000000000 	 16.000000000000 	 26.262080413573 
36.000000000000 	 17.000000000000 	 26.447928898794 
36.000000000000 	 18.000000000000 	 26.598971034290 
36.000000000000 	 19.000000000000 	 26.717652314132 
36.000000000000 	 20.000000000000 	 26.805755060791 
36.000000000000 	 21.000000000000 	 26.864493279951 
36.000000000000 	 22.000000000000 	 26.894572138612 
36.000000000000 	 23.000000000000 	 26.896217647691 
36.000000000000 	 24.000000000000 	 26.869179049068 
36.000000000000 	 25.000000000000 	 26.812703637339 
36.000000000000 	 26.000000000000 	 26.725480881644 
36.000000000000 	 27.000000000000 	 26.605549326149 
36.000000000000 	 28.000000000000 	 26.450155321537 
36.000000000000 	 29.000000000000 	 26.255546495706 
36.000000000000 	 30.000000000000 	 26.016674127376 
36.000000000000 	 31.000000000000 	 25.726766242112 
36.000000000000 	 32.000000000000 	 25.376716734131 
36.000000000000 	 33.000000000000 	 24.954216916944 
36.000000000000 	 34.000000000000 	 24.442544570848 
36.000000000000 	 35.000000000000 	 23.818955591840 
36.000000000000 	 36.000000000000 	 23.052790490510 
36.000000000000 	 37.000000000000 	 22.103946646775 
36.000000000000 	 38.000000000000 	 20.923739297290 
36.000000000000 	 39.000000000000 	 19.462850769794 

37.000000000000 	 1.000000000000 	 12.222872393858 
37.000000000000 	 2.000000000000 	 15.756805185914 
37.000000000000 	 3.000000000000 	 18.368796189847 
37.000000000000 	 4.000000000000 	 20.299033053889 
37.000000000000 	 5.000000000000 	 21.750786064944 
37.000000000000 	 6.000000000000 	 22.868252292767 
37.000000000000 	 7.000000000000 	 23.748407820432 
37.000000000000 	 8.000000000000 	 24.455944099684 
37.000000000000 	 9.000000000000 	 25.034491499219 
37.000000000000 	 10.000000000000 	 25.514029311492 
37.000000000000 	 11.000000000000 	 25.915590099511 
37.000000000000 	 12.000000000000 	 26.254232071095 
37.000000000000 	 13.000000000000 	 26.540936386028 
37.000000000000 	 14.000000000000 	 26.783838409319 
37.000000000000 	 15.000000000000 	 26.989041592785 
37.000000000000 	 16.000000000000 	 27.161165135347 
37.000000000000 	 17.000000000000 	 27.303718232621 
37.000000000000 	 18.000000000000 	 27.419358723475 
37.000000000000 	 19.000000000000 	 27.510072656174 
37.000000000000 	 20.000000000000 	 27.577298087681 
37.000000000000 	 21.000000000000 	 27.622008003105 
37.000000000000 	 22.000000000000 	 27.644761651353 
37.000000000000 	 23.000000000000 	 27.645729651669 
37.000000000000 	 24.000000000000 	 27.624695166954 
37.000000000000 	 25.000000000000 	 27.581030707809 
37.000000000000 	 26.000000000000 	 27.513647238348 
37.000000000000 	 27.000000000000 	 27.420908658260 
37.000000000000 	 28.000000000000 	 27.300499692894 
37.000000000000 	 29.000000000000 	 27.149227583399 
37.000000000000 	 30.000000000000 	 26.962725833675 
37.000000000000 	 31.000000000000 	 26.735008448461 
37.000000000000 	 32.000000000000 	 26.457790306120 
37.000000000000 	 33.000000000000 	 26.119435433884 
37.000000000000 	 34.000000000000 	 25.703310190331 
37.000000000000 	 35.000000000000 	 25.185202079116 
37.000000000000 	 36.000000000000 	 24.529374682876 
37.000000000000 	 37.000000000000 	 23.683060511286 
37.000000000000 	 38.000000000000 	 22.570844036546 
37.000000000000 	 39.000000000000 	 21.096722030354 

38.000000000000 	 1.000000000000 	 15.339391935430 
38.000000000000 	 2.000000000000 	 19.080444823598 
38.000000000000 	 3.000000000000 	 21.488268271305 
38.000000000000 	 4.000000000000 	 23.101959647198 
38.000000000000 	 5.000000000000 	 24.238386253977 
38.000000000000 	 6.000000000000 	 25.075733518781 
38.000000000000 	 7.000000000000 	 25.716226639695 
38.000000000000 	 8.000000000000 	 26.220898092865 
38.000000000000 	 9.000000000000 	 26.627811430863 
38.000000000000 	 10.000000000000 	 26.961698672239 
38.000000000000 	 11.000000000000 	 27.239221086490 
38.000000000000 	 12.000000000000 	 27.471954862642 
38.000000000000 	 13.000000000000 	 27.668153436967 
38.000000000000 	 14.000000000000 	 27.833826481562 
38.000000000000 	 15.000000000000 	 27.973422405864 
38.000000000000 	 16.000000000000 	 28.090272339988 
38.000000000000 	 17.000000000000 	 28.186885668749 
38.000000000000 	 18.000000000000 	 28.265150120272 
38.000000000000 	 19.000000000000 	 28.326468452660 
38.000000000000 	 20.000000000000 	 28.371851500041 
38.000000000000 	 21.000000000000 	 28.401979860739 
38.000000000000 	 22.000000000000 	 28.417241735921 
38.000000000000 	 23.000000000000 	 28.417751164239 
38.000000000000 	 24.000000000000 	 28.403348417583 
38.000000000000 	 25.000000000000 	 28.373582116345 
38.000000000000 	 26.000000000000 	 28.327670244787 
38.000000000000 	 27.000000000000 	 28.264434182830 
38.000000000000 	 28.000000000000 	 28.182195362697 
38.000000000000 	 29.000000000000 	 28.078616921591 
38.000000000000 	 30.000000000000 	 27.950460387596 
38.000000000000 	 31.000000000000 	 27.793205416093 
38.000000000000 	 32.000000000000 	 27.600439645605 
38.000000000000 	 33.000000000000 	 27.362846692663 
38.000000000000 	 34.000000000000 	 27.066462745027 
38.000000000000 	 35.000000000000 	 26.689552051058 
38.000000000000 	 36.000000000000 	 26.196808494386 
38.000000000000 	 37.000000000000 	 25.528416761705 
38.000000000000 	 38.000000000000 	 24.580170311967 
38.000000000000 	 39.000000000000 	 23.174645808588 

39.000000000000 	 1.000000000000 	 20.467186515827 
39.000000000000 	 2.000000000000 	 23.737390617584 
39.000000000000 	 3.000000000000 	 25.401969607418 
39.000000000000 	 4.000000000000 	 26.382268282436 
39.000000000000 	 5.000000000000 	 27.025202692820 
39.000000000000 	 6.000000000000 	 27.480224900424 
39.000000000000 	 7.000000000000 	 27.820041637135 
39.000000000000 	 8.000000000000 	 28.083802533402 
39.000000000000 	 9.000000000000 	 28.294366867016 
39.000000000000 	 10.000000000000 	 28.465958531452 
39.000000000000 	 11.000000000000 	 28.607881771078 
39.000000000000 	 12.000000000000 	 28.726468368766 
39.000000000000 	 13.000000000000 	 28.826164992702 
39.000000000000 	 14.000000000000 	 28.910173068403 
39.000000000000 	 15.000000000000 	 28.980841931494 
39.000000000000 	 16.000000000000 	 29.039919065400 
39.000000000000 	 17.000000000000 	 29.088713916081 
39.000000000000 	 18.000000000000 	 29.128207379360 
39.000000000000 	 19.000000000000 	 29.159125846940 
39.000000000000 	 20.000000000000 	 29.181991216563 
39.000000000000 	 21.000000000000 	 29.197153840638 
39.000000000000 	 22.000000000000 	 29.204812622467 
39.000000000000 	 23.000000000000 	 29.205024613910 
39.000000000000 	 24.000000000000 	 29.197705075217 
39.000000000000 	 25.000000000000 	 29.182617720945 
39.000000000000 	 26.000000000000 	 29.159353528553 
39.000000000000 	 27.000000000000 	 29.127294711484 
39.000000000000 	 28.000000000000 	 29.085557771107 
39.000000000000 	 29.000000000000 	 29.032905074737 
39.000000000000 	 30.000000000000 	 28.967606463068 
39.000000000000 	 31.000000000000 	 28.887217415942 
39.000000000000 	 32.000000000000 	 28.788210371521 
39.000000000000 	 33.000000000000 	 28.665331981319 
39.000000000000 	 34.000000000000 	 28.510412816214 
39.000000000000 	 35.000000000000 	 28.309992342156 
39.000000000000 	 36.000000000000 	 28.040133627566 
39.000000000000 	 37.000000000000 	 27.653855622416 
39.000000000000 	 38.000000000000 	 27.046986399302 
39.000000000000 	 39.000000000000 	 25.954025869305 

